,Residue,sample,expt,IntH2O_0,IntD2O_0,Ifit_tmin,Ifit_tmax,rate,rate_err,Iref,Iref_err,Iinf,Iinf_err,Exp rss,Const,Const_err,Const rss,p-value
0,2,L34K,HDX,2.7614085,1.09296675,1.0709071925326696,0.27705451831421246,0.0013765234924352006,6.503614793773913e-08,0.9885331683155942,0.004724664733858178,0.10376569522941019,0.008479600421987865,4.624615295641634,0.5662300001875006,0.0002774735696713649,17.272729643583574,1.1102230246251565e-16
1,119,L34K,HDX,3.902458,0.0676718359375,0.19714392900695707,0.12891215886756308,0.04989305826210648,0.033482176224406184,0.14421513361539928,0.4177736645529086,0.8938878717912713,15.99078074925435,9.320659590986828,0.1301491514860046,0.00014991294007689365,9.33208061264893,0.8596435594737183
2,133,L34K,HDX,2.12498875,0.5280063125,0.6949155503406523,0.6947559707352271,0.4999999999999999,4527689.017121907,0.28852669509107265,85240495.86199203,2.407943467816485,5936992747.156595,4.868758280044746,0.6947652169999995,7.821268486477466e-05,4.8687396412731285,1.0
3,10,L34K,HDX,4.7136635,0.896431,1.0393081964139375,0.8599721442507637,0.010208479891520544,2.5693697026447234e-05,0.2090119970814103,0.0056818375671185304,4.114460482103646,2.1933539716799584,4.103984082350974,0.87438721975,7.041661022410742e-05,4.383433984427651,0.00029296306219694923
4,76,L34K,HDX,2.84171975,1.1683305,1.3199567860391703,1.3198688219709782,0.49999999999999994,13561112.486806871,0.15904276623944635,77564125.78379987,8.298829636701953,211186789594.39835,4.430851331378619,1.31987098425,7.117788162669197e-05,4.430823093285903,1.0
5,21,L34K,HDX,5.2123075,2.49183025,2.7967845756704945,0.07411713763567769,0.009702409731006719,1.655645469256541e-07,3.1492171437231624,0.008957977466448155,0.02353019304714798,1.707148039187588e-05,6.982006219827301,0.3040852284862542,0.0011876152533218751,73.92904850651041,1.1102230246251565e-16
6,103,L34K,HDX,2.83825775,1.14974575,1.2184552203425072,1.1140826060086801,0.004026756216005511,9.060643898709755e-06,0.11161324444774337,0.0016682271952730946,9.975375313551494,13.317993723413014,4.171599082044701,1.1343320715000005,6.97446438056785e-05,4.341604109169401,0.007203846249170032
7,122,L34K,HDX,3.39024625,0.74256825,1.334684192630445,0.18378228072261235,0.041366902656303044,6.74289813991199e-05,2.1405214039534313,0.22646814035193377,0.0858586512534638,0.00037762287924587824,9.000134454747197,0.20842082102343615,0.00020495110398487625,12.758206159517622,1.1102230246251565e-16
8,149,L34K,HDX,4.6992675,2.321977,2.30735976349539,1.3943955083451702,0.002150987392200707,5.546960213163191e-08,1.0124590304927714,0.0011495270449277753,1.3107159109616162,0.004840845843199572,4.132548471733806,1.668696445,0.00031972327990602425,19.9027742506484,1.1102230246251565e-16
9,37,L34K,HDX,3.06370375,-0.31319165625,1.0927580079708947e-15,8.153751144160276e-26,0.49999999999527,0.0,1.975752826860293e-12,112488.43103282736,4.12690850460154e-14,0.0,8.556991959565984,-0.020309764304699197,0.00013580515293794556,8.453870328037874,1.0
10,109,L34K,HDX,2.2664165,0.976472,0.9579315170986634,0.29684468901422884,0.0010297337516493117,7.672575097527866e-08,0.9292118250412305,0.014343341436959013,0.0462349120225669,0.023562512174587828,4.087243794173837,0.558899125218748,0.00020933335105579332,13.031001183809746,1.1102230246251565e-16
11,146,L34K,HDX,2.2714265,1.17273425,1.2419271597390904,1.2417048223072835,0.49999999999999994,2114235.58113603,0.40199550702802733,77259768.36804786,3.088852488644136,4561475245.097945,4.427751616072775,1.2417253294999988,7.112804966859189e-05,4.427721063945577,1.0
12,20,L34K,HDX,3.3482365,1.10401625,1.1731457110371841,1.1730142731795723,0.49999999999999994,6248877.046564788,0.23764522142693295,79788632.94466126,4.935989312708442,34421616193.536804,4.572082085638645,1.1730227300000002,7.344681965511546e-05,4.572064540202344,1.0
13,125,L34K,HDX,3.11011225,0.708360375,0.9465288698318303,0.707069661596278,0.006900697127356734,5.723538054687604e-06,0.2656233313993037,0.003544058899252039,2.6617585947187243,0.3540369364156229,4.468257677743783,0.735267661875,8.239533137205007e-05,5.129109372844215,3.998406139515964e-08
14,106,L34K,HDX,4.4786345,1.577421,1.7785102592723272,1.5244982145381454,0.010205442750217715,1.1681047757694487e-05,0.2960316460432994,0.005184046333500245,5.1497786279038005,1.5637615028063434,3.7461122893409704,1.544921838499999,6.918668418278567e-05,4.306871127721464,3.297888173658947e-08
15,129,L34K,HDX,2.44096575,0.9841303125,1.1262322947550896,0.9654665406878328,0.009090914981094135,2.379167256297793e-05,0.18425565756988374,0.00484514959938665,5.23980973017979,3.9049645795910997,4.155432616184825,0.9799359429999993,7.069084582196438e-05,4.400505162120179,0.0008443900735403131
16,28,L34K,HDX,4.16521,0.1846229375,0.22029183010688655,0.06661541773221467,0.0025716418556265266,5.123125462139871e-06,0.16649547751596255,0.0024396859537129697,0.3609500949464357,0.08765289700235791,9.281294648406313,0.1082371179062528,0.00015600121442141957,9.711075530023681,0.0037337195124710343
17,121,L34K,HDX,3.77260075,-0.0436214453125,0.18537954780674576,0.04704139120994675,0.007084677583655419,4.273578801638193e-05,0.1538716723144455,0.008580884232340913,0.3055855369945306,0.043804977424813984,10.440792391130616,0.0629204585508247,0.00017120454040111483,10.657482661650635,0.07911064676682389
18,110,L34K,HDX,1.879396125,0.340241,0.24412313810016967,0.05616634189765573,0.013752885864244762,0.00018252768249408486,0.23102026953625154,0.03160261252315561,0.24312297412328704,0.03836896431979988,14.203626851397503,0.0674799379218732,0.00023207343444281477,14.44657144255081,0.12312787455221286
19,63,L34K,HDX,2.95364175,0.82498175,0.9533011823904143,1.0422923426224237e-05,0.009175645472038658,1.2856250478454726e-06,1.093966730773911,0.009105963333041088,8.254868200481739e-17,0.000160086120239224,7.704900813016096,0.054063960751119494,0.00027855114668870446,17.339808983186096,1.1102230246251565e-16
20,120,L34K,HDX,2.49534175,1.136979,1.406728607897832,0.032555400279018334,0.0034610068654115107,6.132571411997775e-08,1.4671271989698902,0.0020832801796384086,0.00942260369742752,0.0002437913373912915,6.211103113813814,0.3342908330781292,0.0006033805528892457,37.56043923825245,1.1102230246251565e-16
21,105,L34K,HDX,3.9237345,1.781700125,1.9348109634777977,1.5932024810219276,0.007065205747256662,2.565927819960113e-06,0.3798569371352458,0.003151194081762468,4.1940810572079315,0.38242910017724496,3.8485398337853676,1.632518893,8.308973473349696e-05,5.17233595243442,1.1102230246251565e-16
22,24,L34K,HDX,2.45033775,0.27444209375,0.34012770214679383,0.3399441184003412,0.49999857032628475,5336381.361203043,0.33192008205337376,132946836.9887072,1.0241746034085313,1265781964.631046,7.612559138747451,0.33995019677746446,0.00012228986754538021,7.612544237760773,1.0
23,246,L34K,HDX,2.25011925,0.59313225,0.7399383826237032,0.7397160730458869,0.49875367585448593,1728338.5129523233,0.39450064054393347,60828809.19981783,1.8750693839836963,1374195576.2219682,3.6613619632745933,0.739723313125,5.8817004117866715e-05,3.66135847415997,1.0
24,115,L34K,HDX,6.368492,-0.315020875,0.05114073384040962,2.3008049113989508e-12,0.039189158771624,0.029857729057899837,0.09205798966509197,0.19722528986963475,2.4992995390582005e-11,0.01905036699134921,9.152622533065049,-0.011866559417968566,0.00014659413822002546,9.125485296775818,1.0
25,11,L34K,HDX,3.43083525,1.47649025,1.505911198350364,0.1212351538360906,0.0026858848981017058,3.1845087506464666e-08,1.494348909240727,0.0012000386649786406,0.04722483339265805,0.00033638018977834273,4.4829924145109565,0.4859790818359357,0.000626299408631218,38.9871379248423,1.1102230246251565e-16
26,89,L34K,HDX,3.388362,-0.29032253125,3.865553331530415e-09,7.741833143966261e-12,0.4999942495160957,5516241872884331.0,6.97448519013967e-06,56893320.68926924,1.1100221640604306e-06,5009359.295884803,11.268248881530772,-0.0564834079531356,0.00016820329293858587,10.470655035377883,1.0
27,148,L34K,HDX,3.75278875,1.735201375,1.8115164182127481,1.6655784829286362,0.044645016270081495,0.0019025584348468874,0.28510475512739425,0.1042403229643291,5.841987735996899,43.734349915652054,3.3007476668213513,1.6684968999999994,5.393996595413817e-05,3.35776290784275,0.1206267880425077
28,78,L34K,HDX,2.72122375,-0.23584359375,0.3570699543948603,0.2554357435487017,0.49999999999999994,11.524300538155579,183.758963969625,87997646.91398379,0.0013900586835640014,0.005035006668208974,5.0304388735083485,0.25587863514843373,8.097653717146065e-05,5.04078942443261,0.7758077273878836
29,60,L34K,HDX,2.317587,-0.3040641875,0.3445872514710089,0.0029694413764643204,0.4999999999995885,2.1722551427228383,617.6594901807206,187399515.63182443,4.807570228695901e-06,1.1506790850071393e-08,10.712792354974296,0.004458113669892462,0.00017397156736204673,10.829732794418701,0.26163196993762716
30,59,L34K,HDX,3.4006845,1.42303925,1.5274675725418194,1.4269298840467801,0.00509330539204863,1.4031549484257303e-05,0.10871133322731459,0.0020533797539403304,13.12422869459163,29.8622589278307,3.8434901441179212,1.4427463860000003,6.399689882724306e-05,3.9838069516201884,0.011934235400338111
31,140,L34K,HDX,4.617414,-0.23558546875,6.450953567043346e-11,1.851201131083924e-18,0.4999943277084256,1.416589627015834e+16,1.1662604980540447e-07,198962.8918397993,1.5872964352069987e-11,13258431201.05988,11.052815735236774,-0.04926957893279295,0.00016780631011144607,10.445942888634274,1.0
32,84,L34K,HDX,3.9441175,1.40890775,1.5249448475003777,1.2962610728494317,0.00772869690443935,6.619940659509727e-06,0.2568100863662572,0.003294116121517398,5.047488368538067,1.2676334447498463,3.557457162254469,1.3203774662499999,6.61060779818994e-05,4.115103371906095,1.5478463510909535e-08
33,43,L34K,HDX,2.60286525,1.194606875,1.3607323876193325,1.0968452930120158,0.04815067479386837,0.0008033029507471297,0.5433650956277314,0.14757668833865772,2.0186156634608032,2.0329751658192112,3.69210390269395,1.101778646750001,6.214045211897079e-05,3.8682431064397687,0.003165038771535511
34,82,L34K,HDX,3.53795325,1.6186785,1.8021412694674097,1.4062478324152219,0.0027373769320833095,3.408852066983927e-07,0.426610900988232,0.0010403344525531895,3.2645498081941553,0.06982940785165484,3.845038373104092,1.509240437,0.00010684632142748628,6.651183478662007,1.1102230246251565e-16
35,95,L34K,HDX,3.7077705,1.281344125,1.3899308502403485,0.6824892500424422,0.000885272421209675,6.073281420170923e-08,1.0734446530731412,0.02549553243462214,0.30802364658015075,0.044332603323543524,3.803589807549397,0.97276809225,0.00022672496403247034,14.113628965038522,1.1102230246251565e-16
36,54,L34K,HDX,2.164696,0.6876465,0.9189089523634086,0.7996558193238356,0.001690121791305239,3.2715788153897517e-06,0.13930196488639845,0.002282319573220911,5.621558587377592,5.219812098875668,4.820449731230811,0.83984636875,8.192423492105918e-05,5.099783580161525,0.0009520785501282436
37,101,L34K,HDX,2.443681,0.824591875,0.9225099381920736,0.6229507558939397,0.0003153660054700154,3.208696658906412e-07,0.9268842003500583,1.8224432637269596,5.62265690227942e-15,2.18059458223934,3.8513641213288423,0.7629860652500001,9.211221945767671e-05,5.73398564180933,1.1102230246251565e-16
38,67,L34K,HDX,2.691626,-0.2148815,0.1375871347932717,0.13755697193562824,0.49999999999999994,313317580.7210073,0.05453572596056688,210751476.4274977,2.5223276946031943,450828561087.38983,12.101850844283604,0.1375600872032708,0.00019440691840132466,12.101830575623833,1.0
39,155,L34K,HDX,6.8420045,1.8024375,2.2388290513486186,0.18580492904281765,0.012213141026407975,4.979815535720555e-07,2.4657875571309185,0.011732912373340568,0.07535297072574093,3.1596514503749786e-05,6.410205538566924,0.32443193699630885,0.0006147376931436884,38.267421143980926,1.1102230246251565e-16
40,141,L34K,HDX,2.637488,0.179720046875,0.24748765792544739,2.0787845446555068e-28,0.08290487749850683,0.010804158386643734,0.8582829951433794,3.0730437717524874,2.4220269496405883e-28,0.00022346346738599086,9.766980003552831,-0.04567677778124602,0.0001502663267003577,9.354078664958134,1.0
41,130,L34K,HDX,4.9406,1.515528,1.9447432316339066,1.2808775061745874,0.07118865426192893,0.00044056910888120123,1.9312248584098504,0.7126492386706176,0.6632461779873982,0.08382969433642566,4.350653383957559,1.2897443549999998,8.347580410726036e-05,5.196368863977018,2.9684676938757093e-10
42,142,L34K,HDX,5.065589,0.829788375,0.9124566302400712,0.05082395879682659,0.0023194961305721107,1.2470666122328344e-07,0.9447619564084879,0.0020542196605281365,2.4071440501433273e-23,0.0022075395744934265,7.797580662599641,0.29604128860938383,0.0003548599245556774,22.090030139760017,1.1102230246251565e-16
43,144,L34K,HDX,2.9095355,1.165517,1.513647182608793,1.2065596059234225,0.0063077697795954095,2.3346275120408925e-06,0.337693308499151,0.002614660960747187,3.572591521399451,0.291216802332257,3.715482674335865,1.2460053460000002,7.82008912510811e-05,4.8680054445195555,3.219646771412954e-15
44,47,L34K,HDX,6.2149935,0.7480815,0.9146162671418256,0.9145527627798374,0.49999999999999994,23372265.54891194,0.11481857997741532,69661168.65271015,7.965198341241713,335242904886.5634,3.9880864459187744,0.9145547974999998,6.40653137193617e-05,3.988065775654631,1.0
45,128,L34K,HDX,2.5798295,0.7881098125,1.2398788035737747,1.2398517037398962,0.49999999999999994,141017274.75978214,0.04899764907735545,76647001.57543845,25.30431004521196,20442484959818.17,4.573491171474755,1.23985379575,7.346933547545186e-05,4.573466159854762,1.0
46,150,L34K,HDX,2.9626485,1.3648285,1.6104890464251498,1.4857565579898244,0.4999999999999871,5.810168730395176,225.52162955167506,66822788.87572989,0.0065880889604399764,0.05702411937126526,3.8199649442731056,1.486300105,6.161533791890545e-05,3.8355548154743997,0.6047156056070428
47,57,L34K,HDX,2.707015,1.017932375,1.1491980144615799,1.0204500477107998,0.015182329048717637,0.00014977732273898557,0.16167557261667598,0.010960323779183366,6.311714443929081,16.669437920372552,4.15719548073921,1.0274949932500002,6.847268607207229e-05,4.262424737324735,0.04562992706544322
48,13,L34K,HDX,3.6843655,-0.140080015625,0.05039676742422193,0.05038321653418353,0.49999999994668787,1402085795.8665814,0.024500583923467878,190315441.57966498,2.056408806074372,1340726039716.5278,10.886667211273103,0.050400528703121554,0.00017488613208800107,10.886661632252364,1.0
49,118,L34K,HDX,4.428206,0.21673540625,0.31146907887846303,0.12901657807721734,0.021963876860896115,0.0006627891867033979,0.2536481378268377,0.0699263339293456,0.508643900098539,0.27928981152042026,13.142633738436787,0.13603425667994595,0.0002136407958802679,13.299139361083109,0.23177692996525845
50,19,L34K,HDX,2.007456625,0.112571796875,0.25063013649476695,0.14955949701517204,0.0004146859506999004,5.1451899123215084e-06,0.25219398606830024,1.0887909372352085,4.462214206728197e-09,17.95332202883713,6.979957558827619,0.1956902809843732,0.0001157050552739897,7.202639742687645,0.02068209260128373
51,44,L34K,HDX,1.918406,0.8502595,1.1483057274375876,0.8102903898710103,0.31087967628978663,0.10190955173159046,35.820886219308505,30478.521889218777,0.02262061259205363,0.012150878417314022,3.6594614053896635,0.8120185417500001,6.069600485778018e-05,3.778326318513193,0.019299093554893898
52,138,L34K,HDX,3.11819425,0.4754300625,0.6777002917203161,0.4436311714807482,0.0003403306207974857,1.228305074424085e-06,0.6811687664073003,3.1251531824307133,4.988198166409067e-09,6.955063825926618,8.986884734233843,0.5523961936874995,0.0001630747768798631,10.151404840895085,2.915770982436783e-07
53,30,L34K,HDX,4.339758,0.554416625,0.6883742949611841,0.2660640872836238,0.0012547302291041563,1.6134890068909415e-06,0.5445105672936398,0.05030726617770887,0.2828523570088799,0.3688311667007279,33.434151165904254,0.42456939809375194,0.0005950216154344714,37.040095573183535,3.209948634341764e-06
54,75,L34K,HDX,2.92484125,1.488528375,1.4905618452789633,1.3217393549204164,0.007357688793265363,1.0881327993965404e-05,0.18854152537938246,0.003119858054804773,7.010241389837144,4.299693809464602,3.6055459914083587,1.3404174259999997,6.297246943502057e-05,3.9200362445842245,3.2703799345057405e-05
55,108,L34K,HDX,5.1789795,2.196048,2.5598481281373506,2.1466594481283905,0.008101250409502915,2.3998192320074062e-06,0.4665964513943991,0.003693165304392323,4.600639865700473,0.3576145828257838,3.734697777885312,2.1882767435,8.827995544580922e-05,5.49542719851763,1.1102230246251565e-16
56,107,L34K,HDX,4.720658,1.490902875,1.6011408400207328,1.4725134030399414,0.006328593453817252,1.3142183854068961e-05,0.14148980823975357,0.002573577667321348,10.406860450985928,13.888172165605747,3.6412478712197673,1.4889836394999993,6.17353942998295e-05,3.843028328898744,0.0012800214431080148
57,62,L34K,HDX,2.4315345,1.114195875,1.2918912155052216,1.0044596355367854,0.0008328147329931902,3.8743053572832054e-07,0.45093036342913073,0.03510992353557885,1.8773606823626805,1.5233314907680524,4.040217695183749,1.1238719434999997,9.230329638604196e-05,5.74588013759778,1.1102230246251565e-16
58,127,L34K,HDX,2.9749965,1.2493425,1.3355280873430422,1.2384968549298652,0.0029897906476749232,6.154998116409851e-06,0.10399631034456701,0.0010909948352026847,11.885927933721302,14.479267097031352,3.772857797353618,1.262260163,6.324749479358594e-05,3.937156587025389,0.005172934485189851
59,55,L34K,HDX,2.7475295,0.7192910625,0.9307671256902258,0.8209069427074001,0.49999999999785755,8.709931187372586,198.63187048646964,77709129.72114564,0.004132805781352789,0.03363958291562664,4.4422901628753095,0.821385681375,7.155636982247445e-05,4.454384024205896,0.7147915616997862
60,145,L34K,HDX,1.732412125,0.28707740625,0.5304004667501478,0.01585061522831319,0.003198281423725714,2.3264468273140812e-07,0.5500964882460869,0.0011358751047497219,0.011036975261044883,0.0012438518084471925,3.6838184889468515,0.13584894362108071,0.00013179780423714288,8.204413231610669,1.1102230246251565e-16
61,71,L34K,HDX,4.9714695,2.5320435,2.777630567785202,1.5199023666794786,0.0019409027746788113,3.1002078161791505e-08,1.4217616125332646,0.0015362510612536686,0.9823480409878118,0.0029334247255272316,4.702594922673457,1.918086774,0.000564991634754565,35.17072901397445,1.1102230246251565e-16
62,74,L34K,HDX,3.39890325,1.416992,1.864328333987394,1.0832856706774026,0.001675114135969533,6.482002707301703e-08,0.9145415927051573,0.0020057300823714493,1.0633522592246119,0.011577258322989453,4.114854825780442,1.3474972425,0.000258799523145809,16.110270249087556,1.1102230246251565e-16
63,42,L34K,HDX,2.52369975,1.45954725,1.8504063690267136,1.85033663814968,0.49999999999999994,33508727.413843118,0.1260763832743532,120488867.18753538,14.676314390484903,1632726530462.8745,6.87266570312642,1.8503393154999999,0.00011040358465513029,6.872623091898943,1.0
64,68,L34K,HDX,4.14067025,2.62401425,2.7942508541619837,0.2881681704968079,0.0033058027050885818,1.2532001492685553e-08,2.6771600504811865,0.0014369138051094845,0.09211462089513615,6.175753632592727e-05,4.5029380903263565,0.8582665897187497,0.001775403139196522,110.51884600912912,1.1102230246251565e-16
65,154,L34K,HDX,3.5842635,2.543267,2.538927008213148,0.003450120519953764,0.005302078449233921,6.522438559969016e-08,2.7490976506747073,0.005870419982875251,2.8143652928951235e-19,5.479374214175107e-05,10.443269792956588,0.3385316114687415,0.001712795106463187,106.62149407491829,1.1102230246251565e-16
66,161,L34K,HDX,5.3591305,-0.49081084375,4.093918303428081e-16,1.0969886266664352e-27,0.4999999999580948,0.0,7.401977929243422e-13,255100.8526347962,1.48202093704238e-15,0.0,19.405644037932127,-0.2195385106093648,0.00011817437235282732,7.356354627787582,1.0
67,9,L34K,HDX,6.5257115,1.58132775,1.5175223133473323,1.3013996411960567,0.003738524189747289,1.7989991155772982e-06,0.23078548869210744,0.0014690398457067363,5.630001259912733,0.8789763318557883,4.011095893815684,1.3460121905000015,7.652183160958116e-05,4.763484014046513,6.01567129443481e-10
68,39,L34K,HDX,3.74943925,1.0814625,1.4278096755899212,1.7832598359814707e-05,0.009068774282476797,7.843641131005443e-07,1.6358674087056508,0.012635331793074623,4.366282607211591e-23,0.0001016889792859857,10.875149435221294,0.06890999328125169,0.0005333736030546643,33.20250697894513,1.1102230246251565e-16
69,33,L34K,HDX,3.251601,-0.6001383125,4.275759291820995e-10,4.289444997078533e-14,0.49995868025810897,1.6953058705112746e+16,7.725189077375377e-07,3805339.6092289733,5.552543703611027e-08,1101271883.8263693,40.205584802269684,-0.3765205815,7.652446146306523e-05,4.763647728683366,1.0
70,46,L34K,HDX,3.431452,0.86588575,0.9711191661778348,0.4568345668928552,0.007019809668815908,2.9395790276088393e-06,0.5714826208204838,0.008240306125352972,0.7992407749177002,0.016483062555069653,10.152022995757612,0.5163966504062517,0.00021149311015614898,13.165446046307652,1.1435297153639112e-14
71,135,L34K,HDX,2.753881,1.0091371875,1.151751351642714,0.013642829561163064,0.01638497453787185,5.607698561025515e-06,1.4551984931363777,0.029698404136719838,0.009375235098133804,9.293757882896387e-05,9.83556318855977,0.07151852124998802,0.0002822304732147302,17.568846620506747,1.1102230246251565e-16
72,81,L34K,HDX,4.983196,0.7498238125,0.8064301399152289,0.16256942113984207,0.0025533473686360827,2.6297980408974263e-07,0.6980597631535135,0.0022090838448245494,0.19282115954608844,0.0038393636036170714,8.421273878120736,0.33773373539062923,0.0002566890048387014,15.97889046020464,1.1102230246251565e-16
73,92,L34K,HDX,6.4186795,1.463497375,1.5686450530434175,0.41503077611707234,0.001551040533382116,2.429899646114947e-08,1.3810101493433928,0.0022267872497567657,0.15886491778460876,0.002249357048364965,3.485477615776564,0.81750120075,0.00048012722715082745,29.8879199980415,1.1102230246251565e-16
74,90,L34K,HDX,5.285264,1.67964275,1.6022281337576159,0.12680412571216124,0.005560593594405343,2.6598164757321467e-07,1.6053466776427183,0.007772014695241004,0.078082512637615,0.00019928682814655168,13.01077383454332,0.34058840381250377,0.0006707627343723728,41.75497981851211,1.1102230246251565e-16
75,134,L34K,HDX,2.980004,1.198679,1.4168452967404526,1.1230886692304058,0.005760473619181675,2.3293084152268003e-06,0.32051432571801586,0.0026110142009009283,3.5033158152264963,0.31049564330903673,4.176711854397628,1.1642503200000005,8.501897313954223e-05,5.2924310255298685,2.0028423364237824e-13
76,41,L34K,HDX,2.348528,1.0670565,1.1803372103869734,8.106025299422649e-06,0.009549159098680322,1.1545163964390982e-06,1.3621135245979124,0.011961635560735208,3.1108767952825538e-18,0.0001253109224348343,9.545512766581295,0.07239067739061639,0.00037803721723217036,23.53281676422781,1.1102230246251565e-16
77,113,L34K,HDX,6.153638,-0.35278728125,0.1302499837369479,4.1284588678273613e-41,0.49999999999999994,14.973705560166021,235.49749507861407,187785155.3732578,1.753079737196013e-43,3.1644671554282134e-09,10.734824560118714,-0.0654681051249944,0.00015550821427782576,9.680386507699094,1.0
78,80,L34K,HDX,9.091236,0.221005578125,0.2972300960468661,0.12044111848146159,0.013214156735269414,0.0001397942914233673,0.21554489705382446,0.02236752626976871,0.5587750276750261,0.150923724843473,10.746377586347114,0.13150165609249304,0.0001761973833957551,10.96828707184067,0.08011723950037863
79,124,L34K,HDX,4.11735775,2.445168,2.472892031935354,1.873714944581421,0.006722403967851676,8.444489394319396e-07,0.6629006537247353,0.0033677035303771195,2.8263299770137444,0.060904268915305565,4.397718516756658,1.9460867155000006,0.00013827941902446798,8.607893870827656,1.1102230246251565e-16
80,70,L34K,HDX,2.57441825,-0.140035140625,0.001981769229877503,9.132141190267721e-12,0.0168270888965192,1.416316563976481,0.002550772681968943,0.022161398563729076,2.96066162667113e-09,21.493983301973234,6.992482073529017,-0.03333694979687321,0.00010786617752180861,6.7146697415102485,1.0
81,31,L34K,HDX,3.225492,-0.246588734375,0.10779124429247684,0.10777133678539864,0.49999999999999994,558057872.231613,0.03599361716347791,163493578.92144448,2.994179115033549,1131371544080.2957,9.409185775132084,0.10779871661255613,0.00015115133911769056,9.409170857569727,1.0
82,114,L34K,HDX,3.71035125,-0.26541259375,0.087467894449229,3.8865113494569327e-38,0.4999999999999428,33.302257537225785,158.14566306723643,188342199.4851863,2.45755164832093e-40,7.037934970846015e-09,10.766675036480944,-0.028118026265640826,0.00016990717171786794,10.576721717768121,1.0
83,112,L34K,HDX,3.0575935,0.54719725,1.1786356819152237,1.2411053920465176e-18,0.07847688584113105,0.000515408543387812,3.8248178889416584,3.0310384494592335,3.244874470062511e-19,1.4179875942914085e-05,12.280455362875806,-0.019610170929683597,0.0002367713581643253,14.739016516556031,1.6297718730129418e-10
84,152,L34K,HDX,4.00352125,0.7651206875,1.173666491271699,0.0005192936457318334,0.046625569725197796,0.00011674717246997352,2.3609724655768027,0.418795657112437,0.0002199490478195671,3.6125250842149255e-05,11.59825241054615,0.023085489448287824,0.00024360035482941892,15.164121970506198,4.218847493575595e-15
85,136,L34K,HDX,2.40494625,-0.27617490625,2.955291768733767e-11,6.845270773742971e-16,0.4999999999554804,0.0,5.343169095996421e-08,93357.05003794956,1.281125611179339e-08,40525102699.45135,7.067462569611562,-0.0110932063515472,0.00011303931639316506,7.036697762809366,1.0
86,72,L34K,HDX,3.05037625,-0.238598234375,0.1712271382657059,0.17120543777540348,0.49999999999999994,551616457.3097793,0.039235406881249164,191990890.39298198,4.3635443438519195,2374668991324.1763,11.074104276189143,0.17120865385244774,0.00017789696803703755,11.07408623617108,1.0
87,88,L34K,HDX,3.82964375,-0.0835803125,0.06949034502299901,3.967798115247236e-16,0.06358138082374312,0.07222717072004227,0.18035164613312862,1.1205518380508301,2.2000343220146494e-15,0.005593385928291979,10.664278986955274,-0.015642728953132384,0.00017049588651995516,10.613368686303891,1.0
88,22,L34K,HDX,2.893551,1.230415625,1.4271957047508967,1.3225271527072293,0.06655096335537376,0.015063316438272568,0.28402525508541165,0.5572501471417619,4.6563716747988515,149.70194878936775,4.449884071969201,1.32400647725,7.183731577031095e-05,4.471872945265124,0.544021755410646
89,45,L34K,HDX,2.81474825,0.7684263125,0.9270371676193659,0.4031023938136194,0.0010568114490686785,1.0281194118889946e-07,0.7274712319334622,0.010740444536373735,0.29005547269147625,0.041963539212751096,3.421823300455909,0.6094397028125,0.00014509196725264955,9.031974903068459,1.1102230246251565e-16
90,87,L34K,HDX,2.52873575,0.0351981875,0.15465135967420943,0.06201472339679867,0.04560622815540863,0.012426628088357277,0.1836034237490499,0.2759785507289145,0.3377645260121114,0.9262534812869334,8.18626456959153,0.06383223653124442,0.00013186927832298495,8.208862567208156,0.7114506227064659
91,7,L34K,HDX,4.44509,-0.159899703125,0.11398632241266535,0.01139807298978945,0.01919903530059108,0.001024887331511842,0.13682584703915318,0.03808896029362437,0.08330350757674945,0.021847597470011564,9.374057475916384,0.015878555359368805,0.00015147443506840268,9.429283925842475,0.4841043976662951
92,69,L34K,HDX,3.4844135,-0.259195625,0.3547900260046511,1.3687791952769798e-35,0.49999999999999994,1.8463824772800685,641.4754152423783,171807093.72175014,2.1337983697470204e-38,3.9020566649770874e-10,9.82144485347861,-0.0011510741796960037,0.00015980481867815163,9.947845338475995,0.2061224044471146
93,86,L34K,HDX,2.352733,0.95653275,1.153942254296313,0.2989531577777742,0.0010848614522443944,4.547284071027179e-08,1.172873885047833,0.01123899172095636,2.459526438890874e-15,0.010988319922114116,4.007564865028014,0.6330253166562478,0.0003059100528625888,19.042900894656086,1.1102230246251565e-16
94,14,L34K,HDX,2.163076,-0.22264453125,3.7401329687037085e-09,6.733399671371774e-12,0.4999967889160556,4.726932506741037e+16,6.74981964953001e-06,516453045.71829647,9.975673456461345e-07,14616158.51288411,10.119282835005043,-0.01965023025282938,0.00016100803761544215,10.02274993712897,1.0
95,139,L34K,HDX,3.13936625,-0.147396625,0.03472900444508415,0.0016473276311976845,0.0024485307981934584,7.875351516731638e-05,0.03602824314712343,0.0018056849964932546,2.037712092944193e-11,1.1403167779696635,6.92429107040821,0.009904689852896486,0.00011163886688608958,6.949519649100145,0.6381683548856736
96,158,L34K,HDX,2.6637065,-0.0991395859375,0.057078130358397657,0.010923487376545271,0.009823714941729657,0.0006402145023707206,0.053482696173218276,0.00980995446668107,0.20423918310685676,0.1917184312578175,7.506033408844912,0.014768913370219197,0.00012088581252032502,7.525141746406434,0.7305203441859085
97,61,L34K,HDX,2.187497,0.4332530625,0.6988180009084317,0.006381865813805562,0.0351805628001145,0.00010073170872535776,1.1737094143021183,0.12281230535159514,0.005437347384318449,9.866374254199243e-05,7.657284932297437,0.023553197257809574,0.0001477945408482269,9.200209905414978,1.4263246139734065e-10
98,123,L34K,HDX,2.2548375,0.7981855625,0.9544446702300874,0.4389135723090219,0.0006239575538534722,1.051539574427421e-07,0.9634195989297948,0.10594362970030752,2.0871713588279014e-11,0.1269942857437621,3.6330526820017823,0.6637128833124998,0.0001474645696589578,9.179669411285431,1.1102230246251565e-16
99,159,L34K,HDX,2.5583985,-0.190615734375,0.2024427594658859,0.00659329767897426,0.49999999999973316,4.21698106037877,354.10413375771077,119570221.11350067,1.8619657469137603e-05,3.2919496184272266e-07,6.83529489803573,0.007446752984367597,0.00011042136412272757,6.873730033016318,0.5003235691134751
100,97,L34K,HDX,3.3067465,-0.19805215625,7.943987555307609e-10,3.841912917300318e-13,0.49999991460732124,1.3531887168549038e+18,1.435610170979866e-06,750882151.6251049,2.6761533144321805e-07,104686990.81469628,8.936336943821594,-0.022629865671874798,0.00014149894090309146,8.80830923840793,1.0
101,5,L34K,HDX,3.0592095,1.347799625,1.5828626066230909,0.7572935631080429,0.0005921600697072782,4.604387008210296e-08,1.596984853977059,0.1483066084034923,1.916971775726897e-13,0.06403083428915195,4.0950125792323036,1.1198548006250004,0.00029515192946309374,18.37320784627674,1.1102230246251565e-16
102,51,L34K,HDX,3.12059225,-0.26403396875,2.7158550492403344e-11,2.2761834811143987e-16,0.4999997058417364,5.755010648568109e+18,4.9103182999700457e-08,16219951.221859744,4.6355110647883745e-09,54640087796.847694,8.271505987393638,-0.02980403692185172,0.00012930820682645995,8.049435833176823,1.0
103,16,L34K,HDX,4.1403485,0.13729615625,0.2246608303724621,0.0498941783025147,0.0012582534244349013,2.6833002493682753e-06,0.2250879362067678,0.014147303959061152,0.016799299894412652,0.4149226320954847,9.514665335757602,0.11543253121875402,0.00016276459331902762,10.132095939380186,0.0004243621502660888
104,15,L34K,HDX,5.3942305,-0.3919685,0.058695518171988,6.186695235665783e-05,0.0055061305236865634,0.0001261995537330666,0.06374911683412669,0.005875834528100343,9.62963550508434e-15,0.09273182572838676,9.961325378574653,0.007822219031253597,0.00016080861555771789,10.010336522640666,0.5454480576451768
105,36,L34K,HDX,2.4987205,1.537868875,1.8822131294298399,1.6531097315855305,0.005305377318465044,3.5605258112848777e-06,0.24841688344640425,0.002615080859649668,6.6533290265030205,1.8692241381561718,4.648460339434271,1.687807338,8.611472175375242e-05,5.360641419322784,2.2615592842889498e-08
106,160,L34K,HDX,6.239343,-0.29817840625,0.07075514466605266,7.87030461093456e-40,0.4999999999999908,60.79439355514182,127.92830259718018,224986364.69634515,6.152121501773165e-42,1.2848013742439255e-08,12.8614830024455,-0.021854257546886798,0.00020477302610749114,12.747121109254252,1.0
107,116,L34K,HDX,5.9027795,0.0723115859375,0.23139689435458077,1.611723460045257e-18,0.1086941707217316,0.03282786568802345,1.1815081024665919,14.877213211101317,1.3641239164424857e-18,0.00014810650535272465,12.381804220326742,-0.01691523962499799,0.0001990532376397118,12.391063852944981,0.911809708795253
108,73,L34K,HDX,3.17888925,-0.0386982539062,0.11736819392380539,3.102954115695216e-11,0.057213014909987876,0.014270278831835301,0.2768597813452953,0.5740789111512833,1.1207673792912733e-10,0.0018007233934433495,8.043258762633053,-0.0023812850156275994,0.00012969418745022363,8.073460465017455,0.6294790132665113
109,8,L34K,HDX,3.16183325,-0.0951035859375,0.16965900815567475,3.443299704473434e-38,0.4999999999995502,6.743664538130792,306.75068273793727,143491583.0593003,1.1225075927264057e-40,1.425173482150943e-09,8.202771034103389,-0.0152100368593704,0.000131307882248872,8.1739153331714,1.0
110,65,L34K,HDX,1.650630375,-0.108748742187,3.0272451509334136e-12,3.915986200867606e-23,0.49999290472925617,0.0,5.472805135264087e-09,52436.52225269039,7.155354711306824e-15,2134021719329.6667,3.9704801197860964,-0.016381505681011557,6.270508707003688e-05,3.9033916906456763,1.0
111,66,L34K,HDX,2.007209,-0.28605384375,0.011907524319103148,0.011901112102390126,0.4999999984743273,4493907106.78731,0.011593559522507211,136680727.42674744,1.0265278820784804,1071556667083.0365,7.854798214557969,0.011903845130176824,0.00012618143429656654,7.854794167465792,1.0
112,40,L34K,HDX,2.72983425,-0.295687375,0.02591117732472539,0.02589648019060034,0.4998493298854258,768626599.8039515,0.02651305323433686,122180713.52946292,0.9767445477408087,165823128550.5775,7.0976180259197825,0.025907154691394405,0.00011401790730317675,7.0976147199332384,1.0
113,79,L34K,HDX,3.6630995,-0.122488664062,0.11201094949554832,1.0319964470417458e-37,0.4999999995441016,19.50610222069151,202.52054618651553,180912287.43189284,5.0957617213381754e-40,4.122324828570201e-09,10.341943746654366,-0.03233077834054589,0.00016214065303608743,10.093255596418807,1.0
114,131,L34K,HDX,2.945714,1.324994375,1.4508380264989251,1.1734113507873656,0.029228052790353527,0.00020252472302955933,0.4300826753474833,0.04178970343430922,2.728339033510972,1.6773644303744224,4.158014000899074,1.1815731497499997,7.140630874812991e-05,4.445042740578812,0.0002628668124161626
115,34,L34K,HDX,2.17614425,-0.10231603125,0.30177886555703876,4.6529225014979313e-38,0.49999999999960587,2.445444011773734,545.6289887103344,164631142.0272493,8.527630675371048e-41,5.168083098480583e-10,9.411224592307594,-0.015179384187493986,0.00015173187780261226,9.445309462549359,0.6398797204353444
116,98,L34K,HDX,3.45061075,1.0266456875,1.277621687224645,0.7069565584485157,0.0032424585490856846,1.9656477655244634e-07,0.6098725005724352,0.0011755866629629666,1.1423726985654274,0.0053734015295488985,3.7594219830750744,0.83868525875,0.00014929841474260776,9.293826328209988,1.1102230246251565e-16
117,77,L34K,HDX,4.751631,2.31470775,2.2939395182707063,1.3237952638961221,0.0019728125621916335,4.443903086432522e-08,1.0930245000804373,0.0012553071947889252,1.1278668608183096,0.0045013543165071425,3.9692210519005675,1.6284991700000004,0.00035420738158243654,22.04940937291184,1.1102230246251565e-16
118,137,L34K,HDX,1.509032625,-0.34144675,1.7709252176652813e-14,2.772666156736876e-27,0.49999999864966255,0.0,3.201907841513321e-11,162132.96060416248,8.659418990105685e-17,0.0,12.333450610935127,-0.10614245114844567,0.00015288185838441018,9.516895626985077,1.0
119,147,L34K,HDX,3.75278875,1.662376875,1.8097512404175304,1.7272777747251282,0.004297245456353312,1.3138994949721065e-05,0.0883843058267474,0.001457876479930777,19.53835946077669,71.16155800814239,3.369752497566627,1.7424051960000004,5.578764878756618e-05,3.472781117349677,0.024248962722586476
120,151,L34K,HDX,4.800816,2.58209575,2.7659615397609407,1.4200597345992896,0.0016634827941503767,2.3374749641493062e-08,1.5789411731008285,0.0022053588451699728,0.7764260232456038,0.0033043928922751875,4.421172070255038,1.8766724230000005,0.0006437192060694081,40.071520318407174,1.1102230246251565e-16
121,4,L34K,HDX,4.800816,2.3020085,2.522971469646378,1.3893224478294024,0.001072545755381975,2.8670777106211236e-08,1.5632981675719728,0.013117624870555502,0.6298367907581635,0.01696199480729653,4.453359467539592,1.8340870740000013,0.0004931326428056156,30.69750700805344,1.1102230246251565e-16
122,126,L34K,HDX,1.518902875,0.7162834375,0.7966016953171803,0.7847559530336459,0.49999999999999994,474.27867959994654,21.417604479345943,49196601.30756127,0.03664069685246195,143.9856561330997,2.8123195700997465,0.78481600875,4.5180208747619225e-05,2.8124680163022173,0.9935025166745727
123,32,L34K,HDX,8.534416,0.194081484375,0.24180930108430282,0.0048521253582741635,0.014319367989193275,0.00011118104053487478,0.2937326411051887,0.029299015078871407,0.016518835129131465,0.0029805705696050486,12.297042335332279,0.0185700799323852,0.00020354792910943345,12.67085798819831,0.02476501653352059
124,58,L34K,HDX,6.5257115,1.572296875,1.5151344566225995,1.3009022863966901,0.003680032625475053,1.782792265068121e-06,0.22873215251335277,0.0014395358335125635,5.677760022158952,0.8927832310515016,4.003172948365168,1.345696713,7.626018871666788e-05,4.747196779366572,7.193482476353097e-10
125,100,L34K,HDX,5.100228,0.49365096875,0.7647505535904487,0.7646567625329587,0.49999999999999994,11842692.835891709,0.1695782100386473,77010322.52655266,4.509168733168557,54450492751.43605,4.425927722494553,0.7646590264999994,7.109891093674635e-05,4.425907185843909,1.0
126,35,L34K,HDX,1.157536375,0.0724616953125,0.17021237534647513,3.008580397884358e-20,0.05699689956157975,0.00914792746960159,0.40021440561189736,0.7717375043981679,7.51742155128544e-20,0.001174342675031482,10.958437092863136,-0.029025342312502804,0.0001737274318599913,10.814532635469824,1.0
127,25,L34K,HDX,2.605239,0.34966234375,0.47795693190130534,0.28125609364064064,0.08974629609671364,0.0396659440777179,0.7558768215576279,8.28137536107985,0.37209249658040705,2.001240628071082,18.23776255289075,0.28343310075000006,0.000294007205145749,18.301948698657462,0.6479874489741602
128,94,L34K,HDX,4.454267,1.0238899375,1.2090964101210149,6.581176250322186e-16,0.028235535242970494,2.1571730785675484e-05,1.8467112248639699,0.08583310894501262,2.2097834310555783e-18,4.9657593181850375e-05,9.270204146829284,-0.012234846765622774,0.00024378568017827156,15.175659329302299,1.1102230246251565e-16
129,156,L34K,HDX,11.870453,-0.19633240625,0.1257536543184264,2.993411023587331e-13,0.02686967463622237,0.0018593660175779383,0.1881745497663093,0.08199829869906672,1.5887831711925141e-12,0.005159769501743886,9.936435913137977,-0.07072945440625598,0.00014060818742417475,8.752859628269146,1.0
130,166,L34K,HDX,11.870453,-0.162660109375,0.1140405794892064,3.184535191330662e-10,0.024848086590499963,0.001710135690976885,0.16555039360537185,0.06483308426362251,1.923579439207536e-09,0.006352730596470712,9.364872288070337,-0.06957475718749961,0.00013194964067891784,8.213865244222106,1.0
131,29,L34K,HDX,2.9613595,0.5242413125,0.6778527272841366,9.318868536098516e-07,0.010841147952052254,4.269607415316665e-06,0.7975521841835859,0.012574440329334878,3.4119778551134566e-21,0.000299353329897317,8.28676646409508,0.04912004089998648,0.00019527391004889923,12.155800690071079,1.1102230246251565e-16
132,52,L34K,HDX,6.8420045,1.86101475,2.2834429994583365,0.17988329370567527,0.012441819427284052,4.380363569740704e-07,2.535164398578503,0.010610597542100983,0.0709551221281758,2.5415666324449538e-05,5.626124431265408,0.31939100567134676,0.0006198249480666745,38.5841033085875,1.1102230246251565e-16
133,6,L34K,HDX,5.070728,1.489665375,1.9206859667138674,1.0861201240858926,0.057043722601624075,0.00014576823707280375,1.9636641666314953,0.2958175129730768,0.5531088984268846,0.02336215464713391,4.1883362306537375,1.0995727257499999,9.229345560885906e-05,5.745267687880302,1.1102230246251565e-16
134,53,L34K,HDX,3.15790475,1.115714625,1.1154104754763294,0.5828558793413159,0.008564331825164945,2.187972684321648e-06,0.6055722036309967,0.005243634640166949,0.9624672524868145,0.013273494115032867,4.901035519256692,0.6336624612500001,0.00012387085986968285,7.710961050848171,1.1102230246251565e-16
135,143,L34K,HDX,3.15790475,1.063228,1.0736369738002132,0.5149043098848676,0.007025176492883368,1.2186417722252373e-06,0.6209234593931102,0.0040287560918123525,0.8291125519953286,0.007325652106599099,4.9582839352964525,0.5795661176875002,0.0001367593022631483,8.513266666174118,1.1102230246251565e-16
136,18,L34K,HDX,2.64564725,0.2757405625,0.3693383597853743,0.1644590004064909,0.12306362490702806,0.05039272463188188,1.2977349643206648,25.795839453119694,0.126727725558802,0.24519722788554785,10.60952335678195,0.16624712063281472,0.0001713739162024305,10.668026216783417,0.5070574502073123
137,38,L34K,HDX,2.810732,0.8215466875,1.0236774175291892,1.0231709524926833,0.474587021165331,362593.460580599,0.6254712278456074,32126126.460650835,1.6358401584944606,219748223.37816155,5.106761052636052,1.0231748477499998,8.203643091533541e-05,5.10676786822956,0.9998351879277777
138,93,L34K,HDX,6.2149935,0.697091,0.9850688499566039,0.850481032228054,0.007592064746463898,1.7508046055648945e-05,0.15083347339386993,0.003079487121961721,5.638472973139713,4.287907135515888,3.4087641003336784,0.8649233335,5.7901089358862974e-05,3.604342830190124,0.0010178893561458846
139,99,L34K,HDX,6.503988,-0.31200890625,4.400807155876015e-10,5.110798147871716e-14,0.49998823205507326,4.1025149441912346e+17,7.954517692856586e-07,75053948.69408964,6.425025809498643e-08,271042401.2053909,10.524546745724821,-0.07331024281185133,0.00014748512073973162,9.180948799013514,1.0
140,153,L34K,HDX,5.285264,1.67964275,1.6276506173340692,0.07935436658935027,0.005699722553531903,1.8795155773628963e-07,1.6878906254659762,0.005911448339673571,0.04625351515525248,0.00012352249590285818,9.586535834799793,0.2985026231406269,0.0006550890301148534,40.77929236898315,1.1102230246251565e-16
141,56,L34K,HDX,5.1789795,2.196048,2.5598481281373506,2.1466594481283905,0.008101250409502915,2.3998192320074062e-06,0.4665964513943991,0.003693165304392323,4.600639865700473,0.3576145828257838,3.734697777885312,2.1882767435,8.827995544580922e-05,5.49542719851763,1.1102230246251565e-16
142,50,L34K,HDX,3.686354,-0.3072950625,1.2996809663875593e-11,4.886923107806041e-17,0.49999972160669676,0.0,2.349859663927298e-08,152285.88304377638,2.079665940407085e-09,368571757292.7812,11.530856644695936,-0.09550299246875808,0.00014860483979307987,9.250651252065587,1.0
143,3,L34K,HDX,3.28781675,-0.543754125,1.2949605175821195e-09,6.902713137608372e-13,0.4998991039870678,1.0150446215683063e+18,2.3365565850769904e-06,1151329057.4268637,2.954224683320017e-07,110156907.1474281,31.570992884601246,-0.3254713910131435,8.17363265087622e-05,5.088086294893765,1.0
