,Residue,sample,expt,IntH2O_0,IntD2O_0,Ifit_tmin,Ifit_tmax,rate,rate_err,Iref,Iref_err,Iinf,Iinf_err,Exp rss,Const,Const_err,Const rss,p-value
0,119,L34K_Mannose,HDX,3.072097,-0.166060109375,0.24799673829547939,4.931168630089785e-38,0.4999999999993747,3.5768953349902484,448.3886214807814,162620311.7158543,1.09975329298162e-40,7.559238749697006e-10,9.296275962650657,-0.09239879285154241,0.00011604518049147317,7.223812431449609,1.0
1,131,L34K_Mannose,HDX,2.36691075,0.735845375,0.8465924849790144,0.8464133558082512,0.49999999999999994,3960381.3294217875,0.3238731384064136,93947187.18585348,2.6134101765059805,6117149007.192683,5.382871505808402,0.8464286824999999,8.647162652537897e-05,5.382858781606687,1.0
2,133,L34K_Mannose,HDX,2.95661225,0.966214625,1.0724487577146724,0.9631946314715593,0.21289105361787955,0.340567616569681,2.6625575008459834,601.2566252528721,0.3617554291937433,11.097546824028598,4.330654104939185,0.96386273725,6.978481993901676e-05,4.344105061247058,0.6818163489246164
3,59,L34K_Mannose,HDX,3.038337,1.097850375,1.5042075137553694,1.5040730037353793,0.49999999999999994,7206737.779685481,0.24319982131144585,96408470.44571872,6.18451525015406,62344768155.25514,5.513224193493881,1.504075753,8.856534534369447e-05,5.51319273084656,1.0
4,132,L34K_Mannose,HDX,2.80856925,1.487987375,1.5298217485728414,1.4596936575268253,0.11884975724652642,0.1566093737260593,0.41699315244003904,8.42454944262749,3.5005218886339384,593.5955514804774,4.249905013801741,1.4603201219999997,6.838355589683979e-05,4.256876314289154,0.8167548032790083
5,2,L34K_Mannose,HDX,4.067851,1.162277625,1.426857010565414,1.2619414254822665,0.49999999999983086,6.3885874417649955,298.1743726344112,128441362.25562379,0.004232226312183848,0.025875502197766024,7.342422473336065,1.2626600784999995,0.00011838835491409107,7.369675008815179,0.6328380469529903
6,36,L34K_Mannose,HDX,3.766179,2.18515275,2.512582412289106,2.3286180456159897,0.49999999999999956,3.2564725682482902,332.61537769353987,81468823.18777671,0.007000933215305206,0.03609197463542079,4.6571946706742775,2.329419707500001,7.53591404347638e-05,4.691106471085721,0.40819161408702853
7,122,L34K_Mannose,HDX,4.629539,1.810863,1.9344101655523496,0.04488839840413549,0.011639694819006511,7.50917292206715e-07,2.2499763268862893,0.01582998341848341,0.019950181999566087,4.1330318234540525e-05,9.337463285666633,0.17857058217187874,0.0006002070751791659,37.36289014697084,1.1102230246251565e-16
8,129,L34K_Mannose,HDX,7.1958395,3.9445785,4.024499169424929,3.9892674796149366,0.4999999999999997,84.95335782301783,63.70038950942514,77951339.44386983,0.0626254801632678,75.34260738897804,4.455960967870726,3.989434691999997,7.160199629365066e-05,4.457224263209409,0.9655975655425663
9,21,L34K_Mannose,HDX,3.93534775,0.50104675,0.8031385461875173,1.0081681270596695e-18,0.05895935085661786,0.0004819766343453445,1.9448059795631638,0.9304146644828044,5.183900798608766e-19,5.3020490446471837e-05,11.706255692819905,-0.1000042133875155,0.00017115018124189284,10.654098680568106,1.0
10,103,L34K_Mannose,HDX,4.792064,1.714145375,2.0821003147427546,1.8690509206726076,0.49999999999990424,3.1076040880616644,385.2023408524373,104270847.92694484,0.004852127628654781,0.01654390143889403,5.960708176791259,1.8699793265000004,9.648499080136506e-05,6.006190648199302,0.39110667749974604
11,98,L34K_Mannose,HDX,4.485272,0.35172809375,0.5105310564416614,0.2989403765032819,0.09076934018240787,0.047978198853220126,0.8256688260100452,11.861677919553983,0.36205845138647025,2.2745235721772064,24.74761391320636,0.30126118975000005,0.0003987351326860453,24.82126210445979,0.692818881935284
12,203,L34K_Mannose,HDX,3.27778725,1.575764125,1.67050329381965,1.5434505947133474,0.1604151087448027,0.12313012103467999,1.4092720664804668,66.32922103956251,1.0952112309782593,40.05331701662598,4.787609898271045,1.5443724280000002,7.72306742753184e-05,4.807609451743703,0.5976027959701724
13,10,L34K_Mannose,HDX,8.983143,0.40876346875,0.77572933764302,3.228786991520135e-34,0.08720313697097512,0.0024996869167713885,2.8693784639266493,7.668982525747407,1.125256578074958e-34,3.9503928048764605e-05,19.33548015650213,-0.21482807992186723,0.00014187685450515588,8.831834169841276,1.0
14,144,L34K_Mannose,HDX,3.34468525,1.31238275,1.4653845352610129,1.4652884526045664,0.49999999999999994,11072351.853505893,0.1737215181488272,75586192.49301536,8.434697487211999,178186278760.20364,4.360919193747991,1.4653074672499997,7.005442849843582e-05,4.3608882150164705,1.0
15,149,L34K_Mannose,HDX,3.026203,1.24549875,1.3481482186700042,1.3480172245680517,0.49999999999999994,6739052.639947669,0.23684289237367662,85481062.79242839,5.691609366268127,49365024926.973145,4.854563110307275,1.34801987375,7.798452568967195e-05,4.854536683743479,1.0
16,146,L34K_Mannose,HDX,3.23007325,1.675675,1.8340150908099209,1.8336874633444349,0.49999999999999994,984297.8579903231,0.592364353739326,78102123.25497639,3.0955398510548484,2132837605.1054506,4.47147544049151,1.8337031024999995,7.183067774283793e-05,4.47145968062192,1.0
17,28,L34K_Mannose,HDX,4.8863385,0.0770210234375,0.47816736331057236,0.011607260477637287,0.030632759344633834,0.0002232340310587229,0.7386899208187715,0.1279561680474543,0.015713305611062985,0.0004073106684066259,11.360845424635276,0.024748796031250013,0.00019506288565912966,12.142664255397431,0.0002694250650741026
18,37,L34K_Mannose,HDX,7.9713025,0.8934056875,1.0728014698065227,1.0333242382407928,0.49999999999999994,70.20599282560772,71.37650907614331,80880514.62961918,0.014477091295379257,3.3273006190407504,4.623523792511472,1.0334962682500002,7.42985598687013e-05,4.625085417112147,0.959151855806181
19,156,L34K_Mannose,HDX,7.8214065,1.945088625,2.1685346920143953,0.1980091079458465,0.003791899638963064,2.6350391734687788e-08,2.104600630295357,0.0017781830288142587,0.08566938973247136,7.723028859458111e-05,4.775349296635092,0.6000578928744356,0.0010756249308491173,66.95765201075065,1.1102230246251565e-16
20,115,L34K_Mannose,HDX,6.555455,-0.30982746875,0.03955387454445819,0.039542633916436976,0.49999999973950937,2190843492.3873887,0.020323532148062682,204631510.28129795,1.9456575573752486,1875456122182.4973,11.70823937963809,0.03954624285938044,0.00018808404589910267,11.708231773298605,1.0
21,63,L34K_Mannose,HDX,6.329669,3.18234375,3.2280627530484036,3.176469323752974,0.07532713465125242,0.0831123239125302,0.15970068506514412,0.8791440018730272,19.890142127175274,13635.939856069834,4.24525864941095,3.177140572,6.82754512735528e-05,4.250146819643078,0.8675160090456955
22,106,L34K_Mannose,HDX,7.305579,3.64280275,3.7771220025205965,3.052352568279773,0.0007824157319403062,5.977359887689826e-08,1.1780882093967904,0.04520105979458349,2.2178129578958603,0.3547545037257127,3.9944343120027708,3.357046213999999,0.00023872633873970187,14.86071461068355,1.1102230246251565e-16
23,105,L34K_Mannose,HDX,5.3699985,0.97461375,1.383982046416579,0.44831567038194664,0.07819800328490054,0.0002986293060565778,3.0236773233127856,1.1004828022628685,0.14826835751467202,0.002626492984061175,4.5280629893640505,0.45988109470312494,9.812682841530714e-05,6.1083950321958635,1.1102230246251565e-16
24,121,L34K_Mannose,HDX,6.3403885,3.170662,3.3479756494611275,2.3381540260910705,0.000519069143373817,3.531542572051124e-08,2.1381093311553423,0.2952174605208787,0.5736138271138373,0.16763997937794334,4.736816717892905,2.7892742090000007,0.00041781774223657566,26.009154579144894,1.1102230246251565e-16
25,78,L34K_Mannose,HDX,3.9685985,0.9891491875,1.0872263687151256,1.021281585685821,0.4999999981282894,20.86169457728541,119.23096138159697,67063644.94329843,0.008565573688676586,0.3461110199922598,3.833762708665142,1.021568957,6.165655100758061e-05,3.8381202776112957,0.8691026257096464
26,166,L34K_Mannose,HDX,20.322866,0.33914875,0.3106710399005329,0.22005938745230832,0.0002769777207755479,1.0795777508401189e-05,0.31196437408979444,9.493744000390874,2.718511425106502e-07,99.6469294106836,11.882990914398574,0.26277139854688075,0.00019366770610867166,12.055814639397887,0.16809569062649277
27,145,L34K_Mannose,HDX,2.9253545,0.5384894375,0.6539690236446299,0.6388252318968541,0.49999999999999994,429.6773230393268,27.380617795668453,72843036.50724941,0.023331293569201886,52.890391338857036,4.164130458208346,0.6388916018749998,6.689740262742796e-05,4.164363290058085,0.9931186395493292
28,101,L34K_Mannose,HDX,4.2596325,1.50637175,1.7562353050600887,1.7561741421667658,0.49999999999999994,28979705.28654318,0.11058510531855431,80136238.23496737,15.88074756639138,1652637355525.887,4.576610138767951,1.7561825564999987,7.351938493396045e-05,4.576581685474467,1.0
29,109,L34K_Mannose,HDX,4.5961445,1.801921625,1.9346391549815127,0.8420136210810583,0.0006681766375041536,2.4241660727534367e-08,1.954126861354016,0.08206451870061598,1.7169422691804692e-15,0.024277226765083388,3.7413102966582477,1.3135943037499986,0.00045998825330917175,28.63426845567089,1.1102230246251565e-16
30,53,L34K_Mannose,HDX,3.8595375,1.8856715,1.9952212024717615,0.6768735724899431,0.0008682937291836767,2.1495776014982088e-08,2.0213777402707747,0.03412828372548646,2.981520940106144e-12,0.01020758877066254,4.68856598817645,1.2188956303749998,0.0006617424899092323,41.19346990717922,1.1102230246251565e-16
31,24,L34K_Mannose,HDX,6.445234,1.78618825,2.265234566189752,1.8626671079959318,0.49999999992084837,0.6424345130211777,727.8590382300259,76963149.99459332,0.0025591041811138045,0.0009513543596311243,4.399632068584487,1.864421377,7.32855036226733e-05,4.562022627654311,0.011375672982123386
32,140,L34K_Mannose,HDX,6.003727,1.505355,1.7094234041016856,0.006899626842466826,0.0044276659218574314,1.0558463551717901e-07,1.8268096995452778,0.004902379235667386,7.08478072585036e-17,0.0001693889729976129,10.924179640653758,0.2852699093831419,0.0009324864598157052,58.04728180815332,1.1102230246251565e-16
33,89,L34K_Mannose,HDX,5.336809,-0.237782921875,2.549010047365259e-11,2.3688788404200083e-20,0.49998192455774065,2.1653484670262287e+18,4.607468876295217e-08,24396755.255141925,5.141388697398606e-13,96720771207.68506,12.456457956998406,-0.06954558396876585,0.0001806796907136638,11.24731089460201,1.0
34,20,L34K_Mannose,HDX,4.2991885,1.959085125,2.178750703510951,2.152622718951017,0.40651333168465414,55.001993198274015,11.62260189482925,1693771.7378014894,0.18521005351725003,430.10572337599643,4.168999965081523,2.152744603500001,6.69835734039899e-05,4.16972739688965,0.9786833493269683
35,148,L34K_Mannose,HDX,5.8760265,2.59157975,2.7290532812942874,2.6994617338497844,0.49999999999999994,107.02131129635816,53.50277288905092,69275869.48920648,0.05045461362250658,61.60699978133998,3.9603579392918915,2.699591011999999,6.363437360959027e-05,3.9612397537015887,0.9728790763758247
36,23,L34K_Mannose,HDX,4.9147445,0.6769744375,0.8130922428144207,0.25164248381204984,0.0019367984798764873,5.689538860865274e-07,0.634953912795664,0.005650440269306491,0.30918719097106745,0.02750583374856578,17.220586497856768,0.4295740036875003,0.0003742024106911311,23.294100247491507,1.1102230246251565e-16
37,54,L34K_Mannose,HDX,3.5607925,1.075536375,1.5068834202212118,1.5068093726726224,0.49999999999999994,51710820.869197935,0.13388110853605287,209589005.39666265,11.254831911306242,1481180278920.6824,11.99770206959484,1.5068129002500006,0.00019273326299132777,11.99764562208275,1.0
38,57,L34K_Mannose,HDX,3.862389,2.05756625,2.1921969561754335,2.149666774645158,0.49999999999999994,50.981968717035826,76.89637210125353,68169227.03106792,0.02795537313274777,9.009594657452606,3.897022673456812,2.1498526260000013,6.263194811176144e-05,3.898838797074093,0.9440830760126743
39,52,L34K_Mannose,HDX,5.745897,3.4944825,3.040274156559117,2.0539319752342022,0.0003646801903713801,6.06222976566275e-08,2.717619115146687,2.066712952690727,0.12418237036710293,0.3654352110395565,7.862545046780676,2.5100612829999998,0.00045342761736770037,28.225869424941948,1.1102230246251565e-16
40,43,L34K_Mannose,HDX,3.192207,1.272031875,1.4669593239516792,1.4668291545364809,0.49999999999999994,6492284.236968947,0.2353518237430387,81317409.49728508,6.232495381629127,57025922690.73331,4.649254722627102,1.466831445,7.468629283205901e-05,4.649221733194838,1.0
41,142,L34K_Mannose,HDX,6.521406,1.27506375,1.4343687833849814,1.434257135284273,0.49999999999999994,8365167.06971608,0.20186450157424493,77082339.33038792,7.1050488030296854,95492463865.01869,4.399980985545124,1.4342591974999996,7.068188608122773e-05,4.399947369629358,1.0
42,47,L34K_Mannose,HDX,4.5961445,1.78472775,1.8956091804865884,0.8297672261649451,0.0006635745565547428,2.5695622904396532e-08,1.9145715651860298,0.08524400569833297,6.411586050839743e-10,0.026227942092215677,3.77591695435987,1.2902657337500005,0.00044137383685460564,27.475521566261172,1.1102230246251565e-16
43,137,L34K_Mannose,HDX,3.68284225,1.564218375,1.760279380194181,0.6754973147744022,0.002655073659005626,3.752450637806222e-08,1.1718376969522415,0.0008732480365856721,0.5411963572607413,0.0007157050328982049,3.2809336306402272,0.9633894537500003,0.000393930505297091,24.522174083140506,1.1102230246251565e-16
44,246,L34K_Mannose,HDX,3.2289475,1.176181625,1.4738258199142535,1.254515823470188,0.06542629204195023,0.003371188118457211,0.5851572522850275,0.5371019121579542,2.143895198378434,7.202236176267813,4.582131261704608,1.25766204725,7.51779183214936e-05,4.679825383701164,0.07387165765540982
45,6,L34K_Mannose,HDX,3.97897775,0.3149078125,0.36227687932191843,0.34533637597289035,0.16414824167326816,8.709393793399062,0.1987268020584608,92.52537640411819,1.7377443424631793,7074.2082846861795,5.643518402833557,0.34547237090913085,9.066448411021733e-05,5.6438640848096195,0.9924640350181065
46,138,L34K_Mannose,HDX,4.5751795,1.2134415,1.726457036432924,0.0020583211446051513,0.005407177477561909,2.3540123545873577e-07,1.8723213317951952,0.009634145547434414,1.6593137619203038e-33,0.00018444891628197207,16.715759519545763,0.15601061379360995,0.0010804600284588072,67.25863764997116,1.1102230246251565e-16
47,18,L34K_Mannose,HDX,7.9672925,3.09780925,3.6739259487755707,1.432666045263787,0.0011526032519028628,7.495451182319122e-09,2.9930416428425737,0.009675359915201949,0.24462953619269617,0.0021642529945553584,4.475420050098648,2.2950910134999996,0.0017128442378633963,106.62455284806816,1.1102230246251565e-16
48,130,L34K_Mannose,HDX,4.1770025,1.790798125,1.9986588266702954,1.9985456778283377,0.49999999999999994,7798717.607514476,0.20457790540577173,73810606.34417091,9.76911790090091,168310811146.53305,4.219876738340796,1.9985480820000003,6.778871219592169e-05,4.219847306986882,1.0
49,93,L34K_Mannose,HDX,6.201118,2.65054375,2.7147036968853206,2.714492723618457,0.49999999999999994,1887782.799134679,0.3814486148054484,62115486.14417583,7.116273642789185,21618874488.509895,3.5556727709854363,2.714501289,5.711877134911811e-05,3.5556435230671823,1.0
50,29,L34K_Mannose,HDX,7.2451275,-0.18701225,0.0032912781573256754,0.0032860402609853423,0.4999990518659035,7628671748.802544,0.00947020405953886,154713539.19088018,0.3469872708471872,207700029420.83902,8.843390344905991,0.0032895344800208427,0.00014206242940403613,8.84338823493101,1.0
51,4,L34K_Mannose,HDX,3.820873,1.64695175,1.7100938283000215,1.6633568770632612,0.17226254206322794,0.8413186684381982,0.6192278073587013,85.35611258948792,2.6861792337108743,1606.1322607369834,3.6205716443902816,1.6636944575000001,5.820392137326488e-05,3.623194099909127,0.914460281856371
52,141,L34K_Mannose,HDX,4.06471275,0.8365348125,0.9451836011795339,1.6857859739564976e-05,0.008782584359891007,2.355701984692227e-06,1.0782751509645105,0.017266918397923235,8.587443365176327e-13,0.00034106023891148534,15.566903057586863,0.081996481312508,0.0003937567499375364,24.511357118971112,1.1102230246251565e-16
53,154,L34K_Mannose,HDX,3.1940165,1.95167075,2.02305231302722,0.6384793037567791,0.0009263240440720666,1.675346201322578e-08,2.051358543173192,0.022044746228543393,2.4013197703468986e-15,0.006564937659299576,3.9906268608690434,1.199818534875,0.0007095687434369363,44.170654408846175,1.1102230246251565e-16
54,55,L34K_Mannose,HDX,8.542684,3.39736675,3.6967510876894036,3.4461477077553098,0.00776457835289746,6.156481826178912e-06,0.2815763265098079,0.0036595119585601014,12.238712944242591,6.90070193971551,3.9267400826461922,3.472456513,7.380296187914054e-05,4.594234381833021,3.7988091561302895e-09
55,39,L34K_Mannose,HDX,8.063197,3.6243085,3.8605433380343976,2.807452047771855,0.00875850640025244,4.369058335534046e-07,1.2009655992469643,0.003988357697803603,2.337646219974249,0.01502849021210399,3.609911349010316,2.905743447,0.00023162620085217581,14.41873103209011,1.1102230246251565e-16
56,11,L34K_Mannose,HDX,6.8079325,1.8566125,2.1638169877101485,2.1637187561663542,0.49999999999999994,12267356.620454423,0.1776067976172489,87506794.13009821,12.182634815753342,411722929430.63257,5.014396506329492,2.163742774,8.05516855800621e-05,5.014342458345012,1.0
57,110,L34K_Mannose,HDX,4.1414885,1.74654075,2.001235851966057,2.226018113065411e-07,0.012860759985770746,9.87765771379993e-07,2.4270494839944488,0.020868425326057483,5.033098553429738e-16,3.837438092737905e-05,10.48410333808609,0.07757819899999593,0.0006773606841131797,42.16570275522604,1.1102230246251565e-16
58,58,L34K_Mannose,HDX,2.41457225,1.227915,1.3507214070072864,1.3505979956690637,0.49999999999999994,7534038.303421895,0.2231329339312751,84820848.3975259,6.052885030790872,62416599661.24076,4.853799160256905,1.3506004822500004,7.797221315656025e-05,4.853770260250933,1.0
59,30,L34K_Mannose,HDX,6.7486795,0.9995945625,1.0982322377814169,0.9892245166585257,0.03448277531861362,0.0022051688880993636,0.18284893963654877,0.06685054814770192,5.410064278331721,58.45599744398691,4.39435467294277,0.9919785929999998,7.121608772836821e-05,4.433201462616142,0.3372394375293677
60,151,L34K_Mannose,HDX,3.80383175,2.0186855,2.2323175146283725,0.7628313151527886,0.0011382820440294361,1.753981403731291e-08,1.9730653421979556,0.01030084778928368,0.1483249265018976,0.0045965774201139255,4.515815995823884,1.3302519937500001,0.0007784980364231695,48.46150262153401,1.1102230246251565e-16
61,67,L34K_Mannose,HDX,4.0620225,-0.19731375,0.10135892603388635,0.1013402777960113,0.49999999999999994,652629612.5336977,0.03371680503295485,167795999.49858373,3.005631099891024,1333398935231.6555,9.570061484652284,0.10135323079687922,0.00015373573692472253,9.570049589068706,1.0
62,75,L34K_Mannose,HDX,5.7425265,2.749707,2.757653867807587,2.437663287108343,0.0017988485402217823,4.644732273591109e-07,0.36792843923781016,0.0018726868372964207,6.521704070440712,0.7730558420375091,4.769290988155053,2.5426229830000002,0.00010865808823093417,6.763965994799989,1.1102230246251565e-16
63,50,L34K_Mannose,HDX,5.661391,-0.25310146875,0.29034596101828775,0.1711120699676759,0.0021006673101396666,7.299701381212431e-06,0.1327614178124134,0.002699326360668456,1.2179941894108104,0.63750821133488,9.437319059938439,0.20738768464062474,0.00015594267767642442,9.70743161027536,0.030649321323797052
64,19,L34K_Mannose,HDX,4.2571595,0.40172234375,0.44144490637472894,0.405285698502824,0.11067860303146769,0.3523251256510024,0.1902065666632571,4.096450338473323,2.1307660698189475,513.924191561655,3.088477075877027,0.4056263834703533,4.964499258470743e-05,3.090400776338184,0.9259826986275337
65,128,L34K_Mannose,HDX,4.2140445,1.73256125,2.1826128766571373,2.1825673833390926,0.49999999999999994,57554796.725901395,0.08225384859899341,87940491.71043268,26.534532067667918,9151647792318.154,5.0592394613924085,2.1825878584999994,8.12722286337689e-05,5.059196248746478,1.0
66,84,L34K_Mannose,HDX,4.224777,2.43263375,2.455335590257453,2.203103837453785,8.706526027948179e-05,4.831764845434662e-07,2.4585442633441166,344.3384271666189,1.5515538212384548e-08,57.0874406714636,4.1503919979932835,2.3269493875,8.816901770589106e-05,5.488521353553976,9.992007221626409e-16
67,48,L34K_Mannose,HDX,5.6236745,2.74419225,2.8002402824292196,1.8974192412965054,0.0009474183996117187,4.646927735969703e-08,1.3222222730313442,0.023522123082171633,1.1319394761177761,0.06811446820069994,4.688559634699031,2.2624276244999986,0.0003443196035633641,21.43389538890017,1.1102230246251565e-16
68,68,L34K_Mannose,HDX,4.463467,2.235085,2.567710740038218,0.026471848941870244,0.01955549343348239,3.3787952501584033e-06,3.407517826241209,0.07584845881505752,0.007768660422016239,2.9841494552706676e-05,18.00947259101919,0.1355972361861906,0.000825541157508029,51.38993734859565,1.1102230246251565e-16
69,9,L34K_Mannose,HDX,7.5238335,0.1926375625,0.2949615942057054,0.2712919555857906,0.09505492036232775,0.9844129957575574,0.09849610078087563,3.3607566220485703,2.754342084965719,2627.1370290579152,5.602121155421342,0.27155921464843735,9.000826907218505e-05,5.603014808904191,0.9804935442358301
70,92,L34K_Mannose,HDX,6.81089,-0.21438984375,0.033208454972116185,0.03319031198794742,0.49869784448126786,807764425.722576,0.03216877710619042,189031779.93057504,1.0317554776292823,194455053458.1,11.319076171323754,0.03321890428124438,0.00018183250021709178,11.319073025398058,1.0
71,112,L34K_Mannose,HDX,4.31714,0.31929928125,0.7220383435064635,0.10102755137311278,0.06946890414824439,0.0009172150744910265,1.7605508511003054,1.257827881316514,0.057384057557878995,0.001335487441529409,8.476604079991375,0.10949299826635948,0.00014825400669458034,9.228811941742556,2.753586121251317e-05
72,27,L34K_Mannose,HDX,6.5199855,0.40883678125,1.2368965099463578,3.7011882816827555e-15,0.12069053812334414,0.0013702048137434336,7.560697891577964,24.041755063511218,4.89529979210728e-16,3.2301273213617027e-06,11.090550508956525,0.005983946343737599,0.0002130835949388212,13.264449309889429,2.509511487502891e-10
73,42,L34K_Mannose,HDX,9.010598,2.049667875,2.8449858979930034,2.844866390396454,0.49999999999999994,35356771.24680267,0.21607480341126745,373271834.06859213,13.16611814743461,1385901795984.8474,21.287582823767014,2.8449132045000014,0.00034196648011616885,21.287413536062623,1.0
74,143,L34K_Mannose,HDX,4.5744985,1.5660445,1.8036925240678272,0.931872937931552,0.0261471917094123,1.5583836672834892e-05,1.2905069201347523,0.03351823242252887,0.7220983656827205,0.01041453273549229,4.321546128654283,0.9603287987499993,0.00011923818638623563,7.422577159992653,1.1102230246251565e-16
75,44,L34K_Mannose,HDX,2.27028675,1.166205875,1.194184146695203,0.6623696636300089,0.0004734094011336846,1.0781903486714989e-07,1.2026943972040278,0.3661737579752643,1.0545770040959508e-15,0.2693202958237406,4.028873512504439,0.9023563165,0.00015999749073634522,9.959843856383525,1.1102230246251565e-16
76,135,L34K_Mannose,HDX,5.4947625,1.9925585,2.2428424828230558,2.1120542887667537,0.31653854576505874,0.9537065381181818,15.08803556311741,50501.47650890516,0.1399820592900546,4.346760355063711,4.808295554572215,2.112725136999999,7.752716232045092e-05,4.826065862051276,0.6340768994918276
77,99,L34K_Mannose,HDX,9.081015,0.07460653125,0.35872826725771284,0.11097841087909704,0.051922853196404536,0.004844548568723052,0.5398343814260905,0.8137176593244742,0.2055786268853853,0.11693510205715153,15.917398113539868,0.11531254123437272,0.00025806079962775676,16.064284445964056,0.32160338234173813
78,153,L34K_Mannose,HDX,4.9771925,1.29996075,1.769168206638284,6.871562161435357e-12,0.021103728382053023,4.542261767241204e-06,2.427994048762248,0.04644817445901375,7.620398084422317e-18,3.068461923503771e-05,9.474695044894284,0.06705708539061093,0.0003984226326716132,24.801808611382544,1.1102230246251565e-16
79,80,L34K_Mannose,HDX,8.032029,-0.13158228125,0.7762683633265569,2.8219644903072804e-17,0.19042423526908647,0.007931393466639331,13.505628702591524,371.0793809233325,2.0894728801227806e-18,6.3884043814975e-07,7.065550454606748,0.004688243492183998,0.00012478876925759594,7.768102296239219,8.234488834912845e-06
80,41,L34K_Mannose,HDX,3.641455,1.599800875,1.715722546120835,0.4058178530251202,0.0017613610585183862,2.137606439088198e-08,1.5139171196390235,0.001550955815982742,0.15937463151271458,0.0012470607874514403,3.7203536656397382,0.8395129204024311,0.0005982735347370317,37.242527661811685,1.1102230246251565e-16
81,136,L34K_Mannose,HDX,6.041705,1.169321625,1.29356719600672,8.890120166037645e-05,0.007699107284194104,4.956572728579762e-07,1.4519250252089226,0.007925267729300947,8.525859161691832e-19,0.00011301007084840615,8.604468836187191,0.13439380158237935,0.0004284391323642216,26.67033572930726,1.1102230246251565e-16
82,71,L34K_Mannose,HDX,5.8198105,3.3938125,3.519472369088284,0.7476427987567035,0.001363382108834157,4.361944535153748e-09,3.4634558355856955,0.004031794481053096,0.03641662912644382,0.0005328692094274828,3.793794166137498,1.7606066764999986,0.0025400669915725807,158.11917019667217,1.1102230246251565e-16
83,22,L34K_Mannose,HDX,4.7885545,2.31725925,2.507804822557286,2.5075542004298255,0.49999999999999994,1916889.246670871,0.4531354364494586,88999009.1594536,5.533785263138454,13273141185.805984,5.096416912964834,2.5075660050000015,8.186975823673295e-05,5.096392450202181,1.0
84,88,L34K_Mannose,HDX,10.326729,1.96839925,1.9953646085717553,0.12403012283295872,0.005157083775225723,6.379018812706146e-08,2.0251365233320793,0.0032013916637937583,0.059738753051444216,6.0326638896081376e-05,5.898892133905814,0.41504352672656136,0.0008703313157710111,54.17812429325387,1.1102230246251565e-16
85,64,L34K_Mannose,HDX,10.326729,1.96839925,2.0057332101688723,0.1011658299173944,0.005195729190531597,5.6061302355676386e-08,2.0621379734156506,0.0028963132296028027,0.047623751215339766,5.1045755156029265e-05,5.2865833012199595,0.39529542505858584,0.0008849441802717911,55.08777555384815,1.1102230246251565e-16
86,17,L34K_Mannose,HDX,6.1018165,0.201700375,0.27800034220966174,0.012765927143918448,0.08381548928362584,0.016575133418119788,0.9324787465730682,5.5215376427885525,0.01369031432709241,0.0013977943582458192,16.70337749282409,0.015864942746098003,0.0002702801995192058,16.82494174479381,0.4083803011972741
87,72,L34K_Mannose,HDX,4.6635065,0.8410850625,1.2616280456063331,6.86689134086547e-20,0.04498738427339464,8.229981762952801e-05,2.4774102256666755,0.3376838836648141,2.7717781700394405e-20,2.9683026303140865e-05,10.446127194865118,0.010992777718752789,0.00023790130446724373,14.809356322128473,1.1102230246251565e-16
88,31,L34K_Mannose,HDX,4.496739,0.146739671875,0.2920853989895102,0.01927106121356802,0.134935347344254,0.03455807720429334,2.0648682307445947,42.876799094770924,0.00933282856825147,0.0008827246321371959,10.016652247415838,0.021495058320311206,0.00016250504631656255,10.115939356879675,0.2957827484684079
89,113,L34K_Mannose,HDX,6.2397425,-0.151569453125,0.07250328874774073,0.07248047544397307,0.49999999950562213,842942237.7572503,0.04124742051991541,324304264.67062896,1.7572123185006798,588582737511.7577,18.58033361571361,0.07250401273437682,0.00029847909975954084,18.58032378593427,1.0
90,124,L34K_Mannose,HDX,5.4492145,3.11696425,3.2574666075464185,2.661447962077385,0.00016231281741598208,8.800227401345321e-08,3.265407198812635,28.827086394107738,1.780580612205126e-15,2.723303346948139,4.212302880340944,2.9494456150000015,0.0001879494699471315,11.699854427078632,1.1102230246251565e-16
91,66,L34K_Mannose,HDX,3.986778,-0.16379459375,0.11583333110425488,0.058003326699146075,0.499910907971008,70.35369128399579,104.41946338116378,173464651.63159084,0.0005554838611592529,0.004907845988697714,9.951724623820217,0.05825534266406682,0.00015992123207133265,9.955096769694531,0.9590223144128418
92,158,L34K_Mannose,HDX,8.926922,-0.19511696875,0.1311709071607024,0.13102353202550435,0.49009553374530396,15276333.76063535,0.22967356161232474,182321177.7316826,0.5704772073272597,1124842153.8207562,15.509939042551125,0.1310364821650017,0.0002491555959875095,15.509935968568351,1.0
93,70,L34K_Mannose,HDX,4.6679665,0.29039584375,0.6232477215783683,0.3660264573104059,0.4999999999879736,4.1591633058842605,465.06695561259147,203421256.2724903,0.000787040345251517,0.0005824901800228864,11.628684065762464,0.36714737875610465,0.00018787119134712458,11.694981651031117,0.49554352709756977
94,86,L34K_Mannose,HDX,4.847883,1.57673275,1.9283781746136426,0.029673006439390956,0.006766586767182707,1.6663552789005273e-07,2.102002445460228,0.006626400723860581,0.013918275970909366,5.9131266930824544e-05,8.577533749782184,0.25755684890624003,0.0008140079127968099,50.671992058457384,1.1102230246251565e-16
95,114,L34K_Mannose,HDX,12.498131,-0.3710405625,0.22693810788562704,0.13313710592393488,0.34447491976346073,6.405092640256558,16.45359600286428,399965.30405180814,0.008091672233884803,0.0966962737845251,12.169807133315096,0.13359450742436832,0.0001956440496631027,12.178842042456862,0.9124218579342998
96,7,L34K_Mannose,HDX,7.331628,-0.1942718125,0.33799393721856347,0.1533774143386656,0.000634639609463765,1.7404022771818588e-06,0.341226865993556,0.2092924765820351,1.0131190093261664e-15,2.00709831198577,7.7011856288184015,0.2335647735347259,0.0001353569771243778,8.425971847529658,1.4989671469622934e-05
97,61,L34K_Mannose,HDX,3.24216125,0.243080578125,0.534586991244491,8.60431337647803e-14,0.09110598975170978,0.0031465373719830186,2.0966252684625672,5.003762252188141,4.103887092225823e-14,3.918299630552612e-05,10.255934754915353,0.004065691999990133,0.00017236589545378277,10.7297788949112,0.0037799222390463294
98,60,L34K_Mannose,HDX,11.817326,1.3697975,1.7897817147588073,0.0927760520319256,0.006445086558652565,3.4475204922882207e-07,1.8698704287918766,0.011531107618073104,0.04931901189551486,0.00014886800924001338,15.926320279389257,0.3062764074198006,0.00081348508836694,50.63944612256485,1.1102230246251565e-16
99,3,L34K_Mannose,HDX,4.94181,1.414098375,1.6114687386775137,0.6970147511341008,0.0006731684561311417,4.183952075402185e-08,1.627823017449054,0.09611673258905251,2.638277647097605e-18,0.04104910466702314,4.520081104689011,1.0913089050000002,0.0003520600980202148,21.915741169008548,1.1102230246251565e-16
100,45,L34K_Mannose,HDX,4.487355,0.9999655,1.1188162568040974,1.1184521975259574,0.4993127478608535,774543.8145716442,0.6514838747773241,74343020.5672137,1.7167764864606083,516250337.9537081,4.380391430120112,1.11845435275,7.036775228718063e-05,4.380392574168498,0.9999677454216561
101,74,L34K_Mannose,HDX,4.3800665,2.0291125,2.2094573868861453,0.8542274127142803,0.0008586082260823402,1.9084058743570847e-08,2.090648128800608,0.03363639861996583,0.06962545417061194,0.010577159379013303,4.4057513492020846,1.4138319480000001,0.0006792642210617445,42.28419783490599,1.1102230246251565e-16
102,139,L34K_Mannose,HDX,10.308628,-0.2797529375,0.04434978819807016,0.04431760495042474,0.49998361411421066,317145220.5556258,0.058174376440181544,242720589.08033976,0.7618062738668943,41622884126.64917,13.875169771002774,0.04435529319352078,0.00022289403593225558,13.875153927933537,1.0
103,123,L34K_Mannose,HDX,2.23334025,0.86740225,1.008730680371661,0.4492357684864283,0.0011934709266294135,1.1759110345213094e-07,0.7362090645731034,0.008075463320605656,0.3879115600772553,0.036477828212238855,4.336580630122073,0.6623958618750001,0.00017169375640501653,10.687936428186976,1.1102230246251565e-16
104,117,L34K_Mannose,HDX,5.238408,-0.200311328125,0.2298561039888358,0.07020847018881228,0.003000185808745312,1.1171440014502682e-05,0.17107960616845308,0.0053545164346529405,0.38756745250418967,0.11379678745496709,18.46005191553696,0.10921065174466271,0.0003036842504748543,18.90434481984359,0.05301564322376828
105,159,L34K_Mannose,HDX,11.765189,-0.17020434375,0.1293679353249304,0.12934122702663436,0.49999999999999994,333003477.868148,0.04828973613719595,175598375.5266761,2.6784413702150505,540225531200.9102,10.044578375171634,0.12936798535937075,0.00016135842996705004,10.044562183451681,1.0
106,152,L34K_Mannose,HDX,10.512417,2.30885875,2.5582565217438225,0.16529333766260487,0.019183674484015544,2.5998641487200617e-06,3.190850645472209,0.05260785357742481,0.05180227968227627,3.5458464633043464e-05,12.967423416937041,0.2699474128125106,0.0006913035421754364,43.03364566391655,1.1102230246251565e-16
107,87,L34K_Mannose,HDX,7.1519165,1.664085125,1.7278736426233483,1.6728980400118567,0.06971953253045172,0.05633181269282005,0.15644155439639273,0.6081717516925281,10.693437855859292,2841.0265766302414,4.039696542219012,1.6736485260000002,6.498907187167453e-05,4.045569701309894,0.8357535598506726
108,73,L34K_Mannose,HDX,6.8530525,-0.2714905,0.09151195920450855,0.09149278958028269,0.49999999999999994,797307696.2395419,0.03465949366953717,216583729.82565805,2.639761285973352,1256350114075.856,12.335291178624592,0.09149625259374802,0.00019815706668315403,12.335277480084002,1.0
109,97,L34K_Mannose,HDX,5.406211,-0.148891515625,0.03865699852687353,0.03864432466693441,0.49999998142748336,1787221437.9128375,0.022914869941009972,212216517.4882288,1.6864300241029935,1149425965220.9978,12.146556189846093,0.038662482406232365,0.00019512531571521017,12.146551031289418,1.0
110,69,L34K_Mannose,HDX,5.4647065,-0.204178984375,0.0829176781316235,0.010231722431346495,0.012703933335001374,0.0007805153686836488,0.08794462187858941,0.022052501964353932,0.11634267547607473,0.06471159118532216,11.303503659451703,0.014957835091142666,0.00018220527626486475,11.342278641031118,0.6551288556134849
111,15,L34K_Mannose,HDX,4.2991005,0.3800121875,0.6730320358299061,0.15384703221672305,0.0011854089305776607,3.209190107790091e-07,0.685106337883896,0.0195705654228291,6.559751216428243e-16,0.05858620913727284,10.209236796132373,0.34721350915625226,0.00026545056338038426,16.524297696759746,1.1102230246251565e-16
112,160,L34K_Mannose,HDX,13.887447,0.255056484375,0.5633680053505515,0.12732124883195456,0.17946777969317468,0.06578115311805187,6.436667219988231,711.6268113695561,0.019780616968448364,0.006689548024936603,21.92715393785676,0.13027123762499798,0.0003558719170436487,22.153026760516823,0.28204953486951256
113,65,L34K_Mannose,HDX,3.38765425,-0.261117484375,0.17316735874410824,3.816459000241872e-37,0.49999999999973105,7.691949903632215,313.09392940741367,170508143.81735286,1.2189501749411764e-39,1.6255778985944477e-09,9.747177097442037,-0.017253405097172846,0.00015587063500333828,9.702947460271698,1.0
114,8,L34K_Mannose,HDX,5.852711,-0.27074371875,0.04143919684838014,0.04126180086064956,0.4998446537007575,8452490.292415302,0.3199929547266419,195716679.7639024,0.1289459666257277,31780599.845461637,11.259619138306498,0.04126525465993571,0.00018087742471138712,11.259620018445093,0.9999903463353225
115,116,L34K_Mannose,HDX,7.602309,0.172003140625,0.15429263736680537,0.06329444676366242,0.011006977868457727,0.0003038560351397621,0.10733399368260103,0.01584558878996408,0.5896952384542156,0.4833525840039048,10.200500314059806,0.07009186587499003,0.00016495415690889566,10.268396291543999,0.44073573758941265
116,51,L34K_Mannose,HDX,3.77446075,0.182002453125,0.24186274688879653,0.04260749448873988,0.15436645696872958,0.08708844525820977,2.0184466969921004,97.63072515719587,0.021109051109565482,0.010608055116366186,9.274171060785646,0.04408942664844122,0.00014978476382391197,9.324101409139502,0.5152429548135571
117,40,L34K_Mannose,HDX,5.261972,-0.28730540625,0.12682898247931526,0.036238240131493786,0.4999999999997891,33.265106611789626,163.79190452140406,201805584.01440352,0.00022124561184742945,0.0003680034295398451,11.536330258401907,0.036633008659085683,0.00018545468339511504,11.544553646759118,0.9157585268452768
118,79,L34K_Mannose,HDX,5.613356,-0.202532078125,0.13178580047140753,1.7664997217983199e-40,0.4999999999999973,15.039323828809803,238.2743168753389,193082172.33587316,7.413722741769616e-43,3.178337109957377e-09,11.03763951585523,-0.07360365636409492,0.00015583534467966898,9.700750257674084,1.0
119,16,L34K_Mannose,HDX,3.151537,-0.2498091875,2.9699975232150576e-12,3.367709317425397e-18,0.49999998963397657,0.0,5.3698745688772476e-09,131158.16787115135,6.271485998842483e-10,4550578466872.416,9.935952350585248,-0.03582965953131923,0.00015445801169735704,9.61501123093078,1.0
120,127,L34K_Mannose,HDX,4.1590315,2.3189415,2.585501796507841,2.5854209868003095,0.49999999999999994,13177262.452433132,0.14610737871695822,63614720.15980433,17.695348513567083,933107237355.284,3.642600434390615,2.585439464,5.8515031063076595e-05,3.6425607101368005,1.0
121,5,L34K_Mannose,HDX,7.1519165,1.917339375,1.983033930832425,1.9332889528052186,0.05216827621003902,0.03481197310141857,0.10879154907730339,0.2363666425133487,17.77058024453253,6305.425810601556,4.551334852756735,1.934155611,7.320859219356387e-05,4.557234874341075,0.852149928117735
122,126,L34K_Mannose,HDX,2.98160325,1.050049875,1.2849289368968202,1.2848656611889862,0.49999999999999994,26397703.456606545,0.1144051635686371,78125576.60840645,11.230836276180263,752880708078.0608,4.388249042177721,1.2848677425,7.049352727762314e-05,4.388222114822627,1.0
123,134,L34K_Mannose,HDX,3.9983565,1.602889,1.7592027011797848,1.1332606587010905,0.029700792141976566,4.675657915629198e-05,0.977276542832702,0.04879692188726806,1.1596110302783467,0.06834004712788555,4.671342847007217,1.15140353075,9.821374813962641e-05,6.113805828936002,3.6637359812630166e-15
124,13,L34K_Mannose,HDX,3.69695775,1.475569875,1.541491588889997,0.08451014482712439,0.0030342467000309876,4.18489549744223e-08,1.560525940380656,0.0016646597819587592,0.032296093314598054,0.00027537633611208497,5.680832890297399,0.43759983655077755,0.0006836089043913298,42.5546545374328,1.1102230246251565e-16
125,120,L34K_Mannose,HDX,3.065173,2.40940775,2.969794602270464,0.23913346389185597,0.0020234748992195312,1.1189125340015987e-08,3.061316084352378,0.0023536599314214115,2.6012371965903093e-13,0.00032683670549192405,7.786614916728655,1.0838161909218724,0.0024356207338794085,151.61738919322846,1.1102230246251565e-16
126,46,L34K_Mannose,HDX,6.0459985,1.203533875,1.2578518537689591,0.667094582448934,0.0006483807242697521,8.838514701861642e-08,1.0769458962028446,0.09938971044400795,0.17765911314987307,0.13102993040858876,3.99777204146935,0.9233161919999997,0.00018073897522576443,11.251001295714067,1.1102230246251565e-16
127,90,L34K_Mannose,HDX,5.1364895,0.98435475,1.173538910969239,0.12091376328704352,0.0018254631175831963,5.887560535896274e-08,1.2061166768163785,0.002448836049829642,7.702669674941995e-20,0.0024908900593234107,6.488383091274399,0.4611747861718728,0.0004603764422627082,28.658433520783703,1.1102230246251565e-16
128,14,L34K_Mannose,HDX,6.041705,1.3940005,1.547589675027715,0.0001915363997508987,0.007226611536237005,3.1749130559435374e-07,1.7247771353926344,0.0078027775739416055,2.003600008124636e-15,9.012598484427172e-05,9.241559609131585,0.173210820156258,0.0005798371949931432,36.09486551132176,1.1102230246251565e-16
129,81,L34K_Mannose,HDX,12.946863,0.149592640625,0.23732636227170992,0.02258153306390178,0.0871565468346591,0.03798638018791166,0.7937739197732314,8.921911338650197,0.028448318219314844,0.01157290905227181,22.55051640314639,0.025013420609383212,0.0003635062715662375,22.628265735941632,0.6537246127079293
130,76,L34K_Mannose,HDX,7.1958395,4.00204625,4.034718087031598,4.017532108627491,0.35772241411449096,78.97708393021493,3.6772852459119765,245553.0048389941,1.0925266439675207,21674.731611175666,4.359077640041431,4.0176330190000025,7.00310084295753e-05,4.359430278816223,0.990059293314458
131,77,L34K_Mannose,HDX,3.21728925,1.593910375,1.740453718164066,1.6513554629519,0.2768295781888633,1.2430268771514121,5.665686930263951,9443.372224720448,0.29146606285832444,24.99068079103057,4.614588773795273,1.6518425294999994,7.426537622591377e-05,4.623019698285767,0.7981725115782845
132,118,L34K_Mannose,HDX,6.3939975,1.4196185,1.457043986978791,1.1226293795543656,0.002287830235957082,5.310081355388426e-07,0.3673757789257582,0.0013409725962725714,2.999821433679118,0.1245336718260869,5.058662391326879,1.2197509949999994,0.00011484150499793214,7.148883749470447,1.1102230246251565e-16
133,150,L34K_Mannose,HDX,11.001024,3.80944425,3.966359125368421,3.148315583349293,0.0018564040593740463,5.306687456647148e-08,0.9337109900188634,0.0012647097757950043,3.2754135666855824,0.025793725109497075,3.4981569127615977,3.412816593999998,0.0002646671363880956,16.475529144672667,1.1102230246251565e-16
134,155,L34K_Mannose,HDX,8.463142,0.4572378125,0.828260044002713,6.365455026738753e-28,0.07878929235428475,0.0010377885380461506,2.7004306875999666,3.0331974919778335,2.357199929614231e-28,2.7974482636546715e-05,12.078720960289546,-0.12206551600780517,0.00015440980909710815,9.61201072340732,1.0
135,95,L34K_Mannose,HDX,7.9713025,1.082866375,1.2186651882965502,1.2183832526315883,0.49999999999999944,1132509.5149541022,0.5097516403990369,66548877.98931705,2.390150724532892,1463100061.2510438,3.8094975298929663,1.218391768000001,6.119649984132306e-05,3.8094820724982705,1.0
136,147,L34K_Mannose,HDX,6.445234,1.938046375,2.396932211573071,2.083587446387784,0.49999999999999994,1.0541738014806898,566.5406258027741,76512728.78351282,0.003677737043897588,0.0032241680448392043,4.373868376728873,2.0849529095000015,7.184342425984299e-05,4.4722532081174675,0.06410718122456194
137,100,L34K_Mannose,HDX,7.7964475,0.7405510625,0.9295655201946568,0.23866033486644203,0.003320207256212056,1.846886239181402e-07,0.7380116711603144,0.0016073543914884429,0.3081372246837865,0.001183826298300144,5.013833996666555,0.3953122925000021,0.0002097873526172722,13.059262581384985,1.1102230246251565e-16
138,38,L34K_Mannose,HDX,6.213617,3.09191525,3.253158896310703,2.131749843647843,0.0005539630661603697,3.0576590503879953e-08,2.2694052715450277,0.2403227233108083,0.4417602297580665,0.10284689091838595,5.039121435478789,2.6287649529999992,0.0005019802804582784,31.248272558130818,1.1102230246251565e-16
139,94,L34K_Mannose,HDX,5.8188285,-0.17457034375,0.5792288294187475,0.13250730259904966,0.43575769555807203,0.4473335513549688,308.1373337403257,9649682.765469484,0.00043002677082523396,1.877408742183816e-05,7.302474597442436,0.13452307149998666,0.0001205398564024471,7.5036060441713195,0.034890223217535876
140,56,L34K_Mannose,HDX,6.201118,2.718791,2.820829020140777,2.8204437583927127,0.49999999999999994,552912.7597329282,0.6965695811668814,60668435.49499332,4.049048127637089,2049932925.6592126,3.472899468863545,2.820447085,5.578903028528293e-05,3.472867140893131,1.0
141,62,L34K_Mannose,HDX,4.1733515,1.929202125,2.061509013623518,1.6918565996936354,0.0022757991743980947,2.874897388313429e-07,0.4063906801446992,0.0008933883687123357,4.1062879878925,0.11593865689957704,3.3607775204746355,1.7995322875,9.506022476671501e-05,5.91749903627457,1.1102230246251565e-16
142,125,L34K_Mannose,HDX,5.745897,3.4944825,3.034678704717809,2.027026417556373,0.00039789227320315943,5.8496326278177195e-08,2.5948115005444903,1.457577183569944,0.1754685887211174,0.31048309965908366,7.898360931974956,2.4895909435,0.00046807607040599266,29.137735367783808,1.1102230246251565e-16
143,82,L34K_Mannose,HDX,3.74776025,1.29458075,1.5525622232406846,0.14768005020992772,0.0018896496238078183,3.77481189362227e-08,1.5971988205554537,0.002516013964131478,4.363627601102824e-15,0.0014114812959156943,7.2624148074614,0.5931575849375064,0.0007538928785700705,46.929831209642444,1.1102230246251565e-16
144,32,L34K_Mannose,HDX,6.4260975,-0.073411921875,0.07394963996318137,0.04822131604951538,0.4999999999944457,410.6968752045853,46.51790088489674,200965274.3957436,0.001036618487339606,0.09978490976769727,11.488267734536354,0.04833343290624159,0.00018456114224091574,11.488931029702922,0.9928950781745818
145,35,L34K_Mannose,HDX,7.0365825,-0.117970179687,0.1394331643798856,4.3752656067710944e-23,0.18098635667177668,0.3087086611152181,2.105652613305703,356.45918156554563,2.077866775898178e-23,3.823735701810836e-05,10.271272433454836,-0.027555310296878396,0.00016232405589695613,10.104672885273782,1.0
146,33,L34K_Mannose,HDX,11.001024,3.80944425,3.966359125368421,3.148315583349293,0.0018564040593740463,5.306687456647148e-08,0.9337109900188634,0.0012647097757950043,3.2754135666855824,0.025793725109497075,3.4981569127615977,3.412816593999998,0.0002646671363880956,16.475529144672667,1.1102230246251565e-16
147,34,L34K_Mannose,HDX,7.2058095,0.5881103125,0.8150505232271325,0.814991505657066,0.49999999999999994,26550389.966514364,0.10670626987817632,68362628.15067345,7.637709635877254,350239523666.66736,3.9112084318726192,0.815012587375,6.283021760465113e-05,3.9111810624172527,1.0
148,107,L34K_Mannose,HDX,8.603451,3.89637575,4.137682202206144,3.4555483192774012,0.01002832077322949,1.53383854951539e-06,0.7928662478990597,0.005010895590434063,4.358295927715926,0.1508481273065074,3.7176648311523817,3.511338017,0.00012555781668698826,7.815974125855616,1.1102230246251565e-16
