,Residue,sample,expt,IntH2O_0,IntD2O_0,Ifit_tmin,Ifit_tmax,rate,rate_err,Iref,Iref_err,Iinf,Iinf_err,Exp rss,Const,Const_err,Const rss,p-value
0,119,WT_Mannose,HDX,2.4242885,1.18889325,1.4316753631930137,0.03593798503045131,0.00295968337764901,3.9560975959427696e-08,1.496666934174259,0.001455752174067115,1.0077063188941904e-22,0.0002818944632120726,5.078731829786511,0.376055523382814,0.0006420086484802877,39.96503844661602,1.1102230246251565e-16
1,131,WT_Mannose,HDX,2.086667875,1.0058313125,1.1574136496404994,0.9299001471171036,0.18989791820961754,0.04426661300686565,3.92718577877595,175.2563819383693,0.23678537240144026,0.6368753080241938,3.4146271208455925,0.9313848980000001,5.582254168916724e-05,3.47495322553943,0.11500025348907417
2,133,WT_Mannose,HDX,2.45384575,0.875513625,0.886283386649389,0.8860044069641622,0.4962160753982622,1263639.682939265,0.47657486177192515,64912704.35325883,1.8591085641193095,987817944.7143356,4.31336777900771,0.88601316,6.929097768385076e-05,4.3133633380919205,1.0
3,59,WT_Mannose,HDX,2.476865,0.7641813125,0.948456573720729,0.9483892684770223,0.49999999999999994,21551135.718752854,0.121690735336907,72167017.63190475,7.793438554310304,295993347542.54333,4.119623983446866,0.9483912227499999,6.61783166742561e-05,4.119600201797489,1.0
4,132,WT_Mannose,HDX,2.84229925,1.0264751875,1.2020098091104747,1.128881392904022,0.4999999999999779,15.580542656163262,132.2192782032187,61593020.19017574,0.00853794853704277,0.25682803324131565,3.5209712641703543,1.12920006475,5.664786975460137e-05,3.5263299318618544,0.8287677445627375
5,2,WT_Mannose,HDX,3.261243,0.8943744375,1.1650710502809023,0.9464547832774766,0.4999919512895579,2.3637575855196293,395.2197652100217,83491001.01775965,0.002394755694403406,0.003065218156727895,4.77435285429673,0.947417379,7.74657349266278e-05,4.822241993335316,0.2915350403437238
6,36,WT_Mannose,HDX,3.60690975,1.864061125,1.9865857422643056,1.9853175253517268,0.49358002690409397,43536.89670000187,2.0824748802197286,42709127.818097174,0.9533452452219974,8950792.79706427,3.1620960097426676,1.985323370499999,5.079685705679728e-05,3.162104348609792,0.9996743675576001
7,25,WT_Mannose,HDX,4.682968,1.053503625,1.6440290269151256,0.003450418003122248,0.052966019262760254,5.918457716743682e-05,3.631113239709744,0.44101522789856346,0.0009502369591200245,1.0474738281579942e-05,8.069380414376333,0.03165556887499622,0.00023158312468163242,14.416049901971375,1.1102230246251565e-16
8,122,WT_Mannose,HDX,4.0104245,1.726519,1.8409149615028706,0.020483787701108803,0.00361316004761583,3.8219037624699446e-08,1.9434409945210067,0.0022440567046802633,1.0995608485090828e-20,0.0001293086779810999,6.37352063923447,0.4036898764843673,0.0009818561901383104,61.12054774962762,1.1102230246251565e-16
9,129,WT_Mannose,HDX,3.5275445,1.32167925,1.7444755130145957,1.7233382687455525,0.49999999999999994,175.74243572643456,38.217034163148426,58042977.3834266,0.045093459146741365,80.80934330402322,3.3181010577812913,1.7234358555,5.331009984331213e-05,3.3185536900267016,0.9832952368911967
10,21,WT_Mannose,HDX,3.00437825,0.41068303125,0.7780740058248289,0.02060340480842258,0.05068036662030237,0.0002622152490448768,1.620014251476602,0.40636835894325685,0.01271803923307656,7.459724362638568e-05,8.613297539376237,0.034139091421870826,0.00016081320762775474,10.010622216871717,8.639421067435649e-09
11,103,WT_Mannose,HDX,3.34184825,1.49981025,1.759905353221936,1.574538303013396,0.27286054480794747,0.18818915820531065,11.106058916812453,5505.608209889536,0.14177291105757106,0.8970723920532124,3.171873149919796,1.575534635500001,5.1540376405635384e-05,3.2083884566758316,0.24325674213534376
12,98,WT_Mannose,HDX,3.26289325,0.8643066875,0.8928004169823366,0.7935851786482804,0.21122384786851356,2.6790773951652245,2.3581892410136023,3717.3512008220764,0.3365231105486597,75.68913749484143,28.76034977556563,0.7941944574375,0.00046219211792568945,28.771459520391538,0.9534224265669524
13,203,WT_Mannose,HDX,3.769465,1.52902575,1.783845599282582,1.7837920972888293,0.49999999999999994,27099452.441053063,0.09673387396264482,57309354.959159434,18.440201185136722,2082570276844.4148,3.219292363483569,1.7837938214999984,5.171511726287452e-05,3.219266051169206,1.0
14,10,WT_Mannose,HDX,4.76924,0.86639975,1.0388395857214474,0.8058377668796443,0.00634511516567475,7.63030732936053e-06,0.2563628753157028,0.004889867403379242,3.143010942038475,0.731320146086364,6.894715913714482,0.8355973109999996,0.00012137709228657529,7.555724047478638,1.2293501811422303e-05
15,144,WT_Mannose,HDX,2.6730685,0.9729095625,1.2268421394826934,1.1562971312405497,0.37090712567848155,4.25425373800721,18.395434836059337,330091.2051397083,0.06285783084474512,3.854073312222914,3.431471645428676,1.1566425165000003,5.5205722606229496e-05,3.4365562024491187,0.8328849647265225
16,35,WT_Mannose,HDX,4.044716,1.838007,2.0861933960712773,2.787950934552384e-07,0.012713357285732672,1.160417058092848e-06,2.5244959600303885,0.026986030927035803,2.165521061698861e-23,4.6919928447415645e-05,13.81556764980268,0.05980541375783039,0.0007932032387491035,49.376903080150136,1.1102230246251565e-16
17,149,WT_Mannose,HDX,2.4873685,0.9110778125,0.9268290719259377,0.9224239549758728,0.3293038079506612,660.3742243229132,0.6154316722517618,57939.044292858984,1.4988243156236623,343646.42876133416,3.272679044571316,0.9224471644999999,5.25733026801483e-05,3.2726881119692273,0.9996578856310272
18,146,WT_Mannose,HDX,3.02910525,1.707631625,1.7335326753291704,1.6013056394679388,0.13193385548837916,0.042993075895002654,0.9567367221240388,11.569582777693908,1.673716083472683,35.399821923704934,3.1144061569979122,1.6024015584999989,5.040938650511528e-05,3.137984294608004,0.3939795954214286
19,28,WT_Mannose,HDX,4.229184,1.68102475,1.7724318598115185,1.2792664269604652,0.0003980055300496264,8.765273854003505e-08,1.269676218216105,0.5225480115801354,0.40192383282275135,0.6573207316319853,2.8348747428447156,1.505649135,0.0001272670935628196,7.922376569199663,1.1102230246251565e-16
20,37,WT_Mannose,HDX,4.3410135,0.089836796875,0.1314636466970806,2.151599102693426e-35,0.17362940129443638,0.34482901872665356,1.7778701498775442,287.6363251159107,1.2102116135093576e-35,5.9994797487031736e-05,11.480631039467943,-0.059678500439934674,0.0001704611968674935,10.611209434802351,1.0
21,156,WT_Mannose,HDX,6.6895055,1.415541625,1.726530636257395,1.7042416911348088,0.49999999999999994,155.93421668846844,40.29935815511947,57266014.7073637,0.04228954924231985,63.061672167129835,3.2734340647138382,1.7043482505,5.25934660368132e-05,3.2739432635714527,0.9809737857498031
22,34,WT_Mannose,HDX,3.40595825,1.301055375,1.5172205344229879,1.103044482035607,0.0002560690749735216,1.4294534444701064e-07,1.5230594363337704,3.6071663434192542,2.299362347880828e-09,1.583532086820098,3.290994207716096,1.299156578,0.00011101094565724698,6.910431350089447,1.1102230246251565e-16
23,115,WT_Mannose,HDX,6.367889,0.123173179687,0.24093471606190237,0.04680652394172223,0.09531893665312953,0.021870337244558072,0.8110281589342069,5.053356499220384,0.057712575606785214,0.025371770451169996,8.308752760829249,0.04885490081012638,0.00013444228975603823,8.369032493534533,0.4095263794584093
24,63,WT_Mannose,HDX,5.184919,2.22523725,2.4065798922707278,2.1203429249967147,0.08787038196250792,0.003323796256018451,1.0694243094292297,1.4090892799751413,1.9826956487723553,4.840546354362135,3.4283857097788486,2.123563526499999,5.728392114512649e-05,3.5659240965263397,0.007768216540584905
25,106,WT_Mannose,HDX,4.391055,2.374317,2.4050356241450817,2.388009360850969,0.20624622307870757,10.433538324605804,0.37557207533833975,369.40264751669184,6.358325119618371,105875.27548693336,3.5403863013074623,2.3881169175,5.6878498560663057e-05,3.54068656047194,0.9895811006329083
26,105,WT_Mannose,HDX,6.0721075,2.75606175,2.8072201391302936,2.7735762390614536,0.010441963256808328,0.0004743562608704312,0.03934872105183158,0.0035954060922202204,70.48707274068963,11534.184612913448,2.5094822656170996,2.7762227350000024,4.046784166504648e-05,2.5191231448167564,0.6227869499797738
27,121,WT_Mannose,HDX,5.425364,0.25333878125,0.9465408380216789,0.3528423289126448,0.19384922681644862,0.006574653177876562,10.87378398609715,198.39071002573954,0.032448899974818056,0.0017625683108076896,3.253193970779063,0.3566687472965546,5.881556249719582e-05,3.661268779446436,4.58961004201619e-07
28,78,WT_Mannose,HDX,2.7693475,0.34310775,0.5069424957728097,0.3434972016089841,0.4999998792514504,3.778250061654628,295.5154890449597,74612293.6440459,0.0011623661511587452,0.0011542177776449644,4.265272734162167,0.3442094486093795,6.894845842518847e-05,4.292041509378749,0.4617823010894475
29,166,WT_Mannose,HDX,15.163986,-0.4182123125,0.11815022521047668,0.11813041773523464,0.49999999999999994,1033188730.831719,0.03581275536088416,299597405.11544013,3.298557079589036,2541619687421.6724,17.18422946561965,0.11813444314062278,0.00027605154364407965,17.184208455548124,1.0
30,145,WT_Mannose,HDX,2.066548625,0.7917865,0.853013303107318,0.8528706447592336,0.49999999999999994,4124641.0497563127,0.2579323441129599,62051695.54239898,3.3065672616293678,10197571223.462578,3.53500316027128,0.85287301325,5.6786930419711695e-05,3.5349864117758036,1.0
31,101,WT_Mannose,HDX,3.83055875,1.3836265,1.5641109217445572,1.5640397973324482,0.49999999999999994,14447157.395561522,0.1285959537963651,54024411.1574123,12.162433973693638,483255072355.0849,3.0866743532228558,1.5640415575,4.9584743259409265e-05,3.0866502577458137,1.0
32,109,WT_Mannose,HDX,6.5229415,3.19642075,3.4133977335484738,3.413313816257804,0.49999999999999994,10103658.16694047,0.1517260208370219,52560142.57950497,22.4965618779672,1155496662494.345,3.016765124376416,3.413315643000001,4.846154171546638e-05,3.016730990879826,1.0
33,53,WT_Mannose,HDX,2.60133125,1.223555,1.227606505144654,0.3946102175229327,0.0009115848475386401,4.046083251935239e-08,1.244507806414722,0.02069037409484942,2.9379382027658695e-17,0.016633451858810225,3.497421191439841,0.7340339920813939,0.0002869836760273233,17.864733945202758,1.1102230246251565e-16
34,24,WT_Mannose,HDX,3.964581,2.410646,2.460886833573641,2.339366122821477,0.020043419658620613,0.0002559747824985045,0.16414267219008885,0.012871637370896541,14.252028991647938,96.96318037906654,2.9114769616032543,2.3444635965,4.797249219193746e-05,2.986287614255625,0.043575564659726895
35,140,WT_Mannose,HDX,4.300624,1.285330875,1.3796725523235416,0.08006463796331796,0.002286559988846603,5.6169076983221064e-08,1.4278139808485097,0.002143832466741951,1.3664552887147716e-12,0.0010483007427079336,8.085061507916137,0.44945855235938276,0.0006667822966210551,41.50719756580078,1.1102230246251565e-16
36,89,WT_Mannose,HDX,4.606499,-0.23680353125,8.977704321289684e-11,4.2653633757137855e-15,0.49999972790803043,1.2326490219764273e+18,1.6231232755591074e-07,13895994.799948636,2.6278739513759496e-08,4409170882.361815,7.088798511898333,-0.024274274873465528,0.00011150985358822906,6.941488402958557,1.0
37,20,WT_Mannose,HDX,3.5373355,1.60654375,1.6732778811141236,1.6730589020866176,0.49999999999999994,1635009.2792736737,0.3959233696068071,57955687.65918663,4.225713939917561,6601976352.511644,3.312260614377843,1.6730613369999996,5.320857602568014e-05,3.312233873623764,1.0
38,148,WT_Mannose,HDX,5.639809,1.94056775,2.2324656673849934,2.0259784828810012,0.4999999999999956,1.7862711886766265,373.3375876248076,56300238.615551434,0.005426666239985043,0.011894951869820257,3.2184282674594202,2.0268782924999975,5.238798465714399e-05,3.2611520604463453,0.19619542946087587
39,23,WT_Mannose,HDX,3.050239,-0.31345878125,1.8586745798652373e-11,3.535741588795326e-18,0.4999845398319858,0.0,3.359782603387998e-08,140665.95622086612,1.0523721342059131e-10,154224456026.98825,10.65503422695603,-0.12576389917184636,0.00010764489466125478,6.700894643226327,1.0
40,54,WT_Mannose,HDX,3.13677425,0.8214955,1.1049969704450464,1.1048804634596563,0.49999999999999994,8564286.669086738,0.21064957116543917,85917070.93068494,5.245111382600013,53268162342.42583,4.874016249648825,1.1049037397500003,7.829686597275868e-05,4.873979932574689,1.0
41,57,WT_Mannose,HDX,3.4896805,1.52064725,1.696063277154815,1.6960059213598278,0.49999999999999994,19116417.461706195,0.10370171005210559,46512476.837151945,16.354657223180396,1156859246459.6494,2.7013140535720472,1.6960076730000007,4.339428561034415e-05,2.701294266412893,1.0
42,52,WT_Mannose,HDX,6.7390495,2.9174205,2.6130006643635673,1.6629168420175406,0.0011257508186296554,4.080973745569498e-08,1.2818779493613655,0.010534206963757304,1.0551605995228601,0.03132123868010689,4.403708566314222,2.0308949400000005,0.0003660398447442135,22.785980226071786,1.1102230246251565e-16
43,43,WT_Mannose,HDX,2.59966825,0.9002461875,1.0864159088162118,1.011482521735325,0.14202240502568528,0.1287941610927789,0.6307664214663752,14.582042575293745,1.6035769934992408,94.22874892617182,2.4451702932516284,1.01207223825,3.939740409242423e-05,2.452488390678501,0.6913780683946678
44,142,WT_Mannose,HDX,4.0281425,1.8315385,2.0308161248650927,2.030611744070976,0.49999999999999994,1886837.7026895792,0.36952914446277446,58247281.34399538,5.495132858933499,12880557128.261543,3.302459446501116,2.0306141155,5.305108465394743e-05,3.3024299948164617,1.0
45,47,WT_Mannose,HDX,3.72029925,1.848180625,2.0391136433894372,2.0059355976432265,0.25567250556049503,5.735058234631772,1.5360599883926784,3244.032161846982,1.3058966529960998,2344.657406185053,3.824506246866061,2.0061298505,6.145661691001766e-05,3.825674442230084,0.9629851260962783
46,137,WT_Mannose,HDX,3.565193,1.313911625,1.5948373588905138,0.6090544816720134,0.001707471207935201,3.4397947834456785e-08,1.1484043512813717,0.0015790080611619325,0.41402886428238606,0.0030260835759779955,3.4456207844733804,0.9398492412812501,0.00036158009171774263,22.508360771062655,1.1102230246251565e-16
47,246,WT_Mannose,HDX,2.3247925,0.829346625,0.9547068871122981,0.9544046905704323,0.49999996015754944,1094681.256152179,0.5463838386562759,73901302.98942702,1.7467659602041008,755311008.7653565,4.2265053417088385,0.9544078895,6.789533552603904e-05,4.226484668568424,1.0
48,6,WT_Mannose,HDX,3.55524575,-0.37603396875,0.18259985409167653,4.849875810073134e-39,0.4999999999613435,8.281365708801872,330.1482808798038,204117121.51167694,1.4689992621342212e-41,1.7501438355510826e-09,11.668461639616831,-0.11457191945312127,0.00013526665465372691,8.420349350103884,1.0
49,138,WT_Mannose,HDX,3.36197,1.131326125,1.259109886807345,0.21210324065976205,0.0014305921051258916,5.447811578006812e-08,1.2864209612997775,0.005807862713837924,2.9141688050330794e-13,0.00536465536758273,6.646670627964152,0.5874707076562523,0.0004635632851271611,28.856814756685157,1.1102230246251565e-16
50,18,WT_Mannose,HDX,5.664883,2.96504475,3.047149472962415,3.038782320831943,0.4300086161505081,637.4018528509107,5.294600579172828,4061929.7904346343,0.5739398610700659,47730.7634073272,3.875981734788901,3.038839465999997,6.226666278933897e-05,3.8760997418485856,0.9962470705649817
51,130,WT_Mannose,HDX,3.05162975,1.396604625,1.5120640387131516,1.5119553816177016,0.49999999999999994,5737377.722389604,0.19645663720534648,50074237.54506713,7.696127772142047,76846743000.73616,2.894861785007259,1.5119572380000001,4.650343087860009e-05,2.8948385916642767,1.0
52,93,WT_Mannose,HDX,4.686804,1.71147675,1.9910325632609311,1.990982159547976,0.49999999999999994,29079221.36395727,0.09113205086916933,54614085.914959,21.847222141486345,3138736270967.624,3.121052835821755,1.99098378,5.013693095142092e-05,3.121023964889744,1.0
53,29,WT_Mannose,HDX,4.843964,2.41672075,2.5493741385020616,0.002439622614946351,0.006839777914750614,6.240422156954657e-08,2.8226820326789532,0.004413691280643877,0.0006834925873264203,2.143108642651458e-05,5.6314244252697225,0.3049509635582701,0.0012985712296639178,80.83606009380048,1.1102230246251565e-16
54,4,WT_Mannose,HDX,3.578214,1.618592875,1.744888303720007,1.6607118444004885,0.06702106787884135,0.0159138304903716,0.23003496516206026,0.38387755327929485,7.219388770878863,377.98579493897984,2.9822327194542524,1.6618951995,4.813458673971343e-05,2.996378028550378,0.5574404358728968
55,141,WT_Mannose,HDX,3.17033425,0.811107625,0.8390472088025333,0.060187026675160286,0.002116313371461655,8.028858341901244e-08,0.866109785305201,0.0012484167738878182,9.332468603901984e-15,0.0019915594854316085,4.40554895647098,0.2937386913906127,0.0002615940021340964,16.28422681116583,1.1102230246251565e-16
56,154,WT_Mannose,HDX,3.8317765,1.82572,1.997022601726534,1.9969192251842247,0.49999999999999994,7790817.624045526,0.18690917315484057,61528122.17649758,10.68390165917605,201035236383.38672,3.5189456324108224,1.996921348,5.652881202876594e-05,3.518918540302443,1.0
57,55,WT_Mannose,HDX,3.21002475,0.6197999375,0.9295659271136815,0.9291209839774595,0.4855082209017722,320420.3314316782,0.6473030159224094,30383645.303373724,1.4353725552374546,149401115.28070563,3.109629402634222,0.92912463025,4.995402268659675e-05,3.109637917178224,0.9996618995916882
58,39,WT_Mannose,HDX,5.503787,2.185984,2.350662674492142,0.4737422889576436,0.0029091112848091917,1.1216146561756181e-08,2.0144902623913428,0.0007507701326253586,0.20957544771690942,0.00010089201202144419,2.6571358295359775,0.9423063488749999,0.0010384744766034338,64.64503589666441,1.1102230246251565e-16
59,11,WT_Mannose,HDX,4.6800395,1.656932375,1.731312595243137,1.6509222508714398,0.08520795171777674,0.03930881672461825,0.2885918337515384,1.2397227499620314,5.720613190644863,487.01788155912783,3.478723515364454,1.6518503775,5.606028938748223e-05,3.4897529934678575,0.6764181036770415
60,110,WT_Mannose,HDX,3.18162075,1.555501125,1.630014537610796,1.559933755036845,0.004092835939073921,1.4543186767896165e-05,0.07497717462190792,0.0011971723291760025,20.799689525731928,92.05952626781132,2.9356550645880275,1.5733425589999999,4.83814325466175e-05,3.011744186447255,0.04241677553169654
61,58,WT_Mannose,HDX,2.18466675,0.7716381875,1.0732153100940318,0.9477832225134217,0.4999999999975441,4.658147839500689,226.78653447115647,54176024.43817884,0.004179186496780144,0.01839681675890673,3.097005111091469,0.9483298185,5.000434275702966e-05,3.112770354540147,0.5341494569505749
62,107,WT_Mannose,HDX,3.60005,1.871552375,1.9577391066162715,1.919266830337521,0.4999999999999994,44.363868566369334,69.55950729265203,48540219.25495394,0.027591725488548196,7.637380454958062,2.774874441470499,1.91944414,4.460025521302085e-05,2.776365897922881,0.9357923258783616
63,151,WT_Mannose,HDX,4.1383755,1.803088875,1.905919412087374,1.7436388495109598,7.147815395156322e-05,8.076605420737476e-07,1.9079639646946138,524.8706967249751,9.046992883063193e-09,144.3862841801242,2.872662975615487,1.8235776504999999,5.507440566477067e-05,3.4283817783581343,3.270725912329908e-10
64,32,WT_Mannose,HDX,6.340355,3.8966845,4.040462837877695,0.09201552465307428,0.0078862599482203,4.3090789920587264e-08,4.444515028421618,0.006246231011427695,0.020654796997394066,9.015166251298075e-06,6.5588607319100225,0.500289609709356,0.002738177895440065,170.45157573224168,1.1102230246251565e-16
65,67,WT_Mannose,HDX,4.6878225,1.535719125,1.8514771651010973,0.5948310116542205,0.03943950674461562,6.658130916395722e-05,2.2705883667524858,0.26560591064661515,0.2619721920380394,0.0035048483306558283,12.106009656012105,0.6229169518515667,0.0002691430646922947,16.754155773006346,1.1102230246251565e-16
66,75,WT_Mannose,HDX,4.14489375,1.675185375,1.8611658196588374,1.7558730225650248,0.02527096333298348,0.0006672971231389488,0.1538240571327086,0.021347701938858835,11.414814140873807,117.46339548462839,2.9706964777030036,1.7594213235,4.846901655601181e-05,3.017196264387102,0.1468783935364607
67,50,WT_Mannose,HDX,4.563391,0.146292171875,0.3035057318520265,0.15284899602974514,0.021808558992511117,0.0005167230837430355,0.20895780908866815,0.03736762128011426,0.7314825739039148,0.4544295777346187,7.12694677841117,0.15868305286776113,0.0001162122565437543,7.234212923084453,0.1580375265774071
68,19,WT_Mannose,HDX,3.44594775,0.7553315,0.8059821531232565,0.5622578458985006,0.023828059432712975,0.0004907718965012619,0.34843740085811725,0.08727294686425936,1.613655263510069,1.8626942307972496,13.81092924280404,0.570938384531252,0.00022606049429409953,14.072265841876835,0.09875756430378224
69,128,WT_Mannose,HDX,4.4076565,0.290131875,1.2452916231390423,0.12052778756728237,0.1648752108637474,0.002393149930437153,13.339122418972277,114.36864927572135,0.009035660951417262,5.214460422017129e-05,6.751471254302187,0.12854056051563031,0.00013336053250117077,8.301693159501646,8.19633250159768e-12
70,84,WT_Mannose,HDX,3.20734925,1.454554375,1.5943011399084794,1.513972309693298,0.0006987284585613965,2.7813536158661405e-06,0.13971303201794893,0.04205439414402266,10.421681942947783,284.3175536929244,2.310761234135444,1.548408998,3.9271444099984845e-05,2.44464740166278,0.0009528999689527584
71,48,WT_Mannose,HDX,3.62350175,1.4364915,1.5472186594553123,1.5470963196895202,0.49999999999999994,6279041.144906078,0.22119548552664411,69470223.80063215,6.994249073420463,69458973231.1569,3.967083237610713,1.5470986915,6.372784420692223e-05,3.9670583261476287,1.0
72,30,WT_Mannose,HDX,4.5368555,2.13121125,2.4981651878957476,2.2402231194341167,0.4999999999391611,1.1634633324789057,466.37019982555614,57223410.3077323,0.004803529728683486,0.006070457769268833,3.2712288272374543,2.2413472004999977,5.362085988577662e-05,3.337898507689465,0.08276905059215078
73,68,WT_Mannose,HDX,4.415702,1.789519375,2.320908708768788,0.03460256178011816,0.023630951381196138,3.202804006581626e-06,3.258939219681327,0.050395229796409924,0.010617737689234916,1.4365358809348009e-05,8.118738666111653,0.11666558910936914,0.0005023568923044455,31.271716394008436,1.1102230246251565e-16
74,9,WT_Mannose,HDX,5.5580905,0.151749390625,0.29282547772813083,0.1642043115623889,0.00980177277428936,9.55988962597397e-05,0.14899354656952496,0.011405903494566208,1.1020857640381907,0.6219044689759696,8.756289726318805,0.17496207890624788,0.00014304285023809945,8.904417444041247,0.1259663322977309
75,92,WT_Mannose,HDX,4.7741295,-0.206551921875,0.14765640473508443,0.008509291868743695,0.010967190872003815,0.0001206050939877137,0.16402859585394083,0.014767723591956364,0.0518758836635549,0.00906915935007767,9.560062259887921,0.018934373128924965,0.00015613540724717975,9.719428915886903,0.1297975926787026
76,112,WT_Mannose,HDX,3.793859,1.66386875,1.848705574229218,0.0568055696478484,0.013112013289358309,8.55956307671954e-07,2.1813780119538584,0.014190935341254747,0.026041072917401716,3.185655184781498e-05,6.906030552436043,0.16975712859373399,0.00047944278941438586,29.845313348532294,1.1102230246251565e-16
77,27,WT_Mannose,HDX,5.6880245,2.60536475,2.6739455256297595,2.1579927828925745,0.000172190027452885,9.215599390729007e-08,2.6808608531209255,17.84335162060061,2.215216901514834e-10,2.5032012386431024,3.304474169096676,2.4067805399999997,0.00014312102847560318,8.909284029588818,1.1102230246251565e-16
78,42,WT_Mannose,HDX,3.04080825,1.458970875,1.931895780810983,1.9317780001802374,0.49999999999999994,18600002.550177366,0.21295237598911146,190733371.3353016,9.071408530698957,346107610395.5259,10.796100395298708,1.9318121105000001,0.00017342993383411595,10.796013348346868,1.0
79,143,WT_Mannose,HDX,3.695353,1.271635875,1.6049068077520985,0.9120322067701586,0.018568369035426725,6.56408142120239e-06,0.9154123023770434,0.011458559091105746,0.9963075701939773,0.013477657913836753,3.0074593329846024,0.9432912202499998,8.989696488449443e-05,5.5960860265509,1.1102230246251565e-16
80,44,WT_Mannose,HDX,2.579986,0.8792120625,0.9615352333003606,0.4675706287576093,0.0005791010390213127,8.772588414082928e-08,0.9699240059441907,0.11109110242015212,6.3898393369006024e-18,0.12949186312833416,2.7973432522460833,0.6852057746250001,0.00012679749311322197,7.89314389778101,1.1102230246251565e-16
81,135,WT_Mannose,HDX,4.03271875,1.418017,1.487895836523765,1.4877060831754785,0.49999999999999994,1941049.552028753,0.343082101986808,51664503.87558456,4.336297564227594,8253426361.644596,2.9634608044626254,1.4877141225,4.760551016879342e-05,2.963443024764108,1.0
82,99,WT_Mannose,HDX,6.243551,-0.124501578125,0.06240771475352174,0.06239050688357525,0.49999999998309935,535443442.24845785,0.031112558717794843,117224051.46991268,2.0053158420522634,486979649818.9311,6.689589126349963,0.062401097417967996,0.00010746317348833632,6.689582517466166,1.0
83,33,WT_Mannose,HDX,5.5108035,0.18527725,0.35157011743182903,0.03093006470625037,0.012322189287548944,2.3776161362404847e-05,0.385735622768374,0.013527642137741498,0.08018444018505513,0.0015314372221674343,7.285707399655904,0.05239494292969557,0.00012943503670993726,8.057331089700831,3.986976606973336e-06
84,153,WT_Mannose,HDX,4.00361675,1.588484375,1.7467820027663998,7.173642755565335e-08,0.013661078235270813,1.1989843865823082e-06,2.144038956669884,0.01806015472694873,4.065633801945191e-18,3.776960805440186e-05,8.20889804491933,0.09011588289427958,0.00048312229104044413,30.074362106125225,1.1102230246251565e-16
85,80,WT_Mannose,HDX,6.8554415,0.397546125,0.6741103602734511,1.9071047236520285e-18,0.04599106542803462,0.00019724339501057234,1.3438041896001205,0.23256730900934583,1.4191834248554772e-18,6.480736072201551e-05,6.721557218112014,-0.0020735641406203985,0.0001277610167595554,7.953121689202155,9.465327410751456e-10
86,41,WT_Mannose,HDX,5.003167,2.002380125,2.161145364113819,0.32216202726147036,0.001528786355071152,7.591189484534205e-09,2.211276913630978,0.0018775698586837954,4.150443346970172e-23,0.0005967583639006727,2.783933268760431,0.9661808917421875,0.0011328289066304246,70.51859929999974,1.1102230246251565e-16
87,136,WT_Mannose,HDX,5.105811,1.307569,1.3364673724471423,0.5920730523658712,0.00218528867475022,6.20746699732656e-08,0.8234038064006113,0.0008319787247607547,0.6553487048373667,0.002727239066818385,3.03815539861838,0.8138290579999995,0.0002167190152294176,13.490758662179426,1.1102230246251565e-16
88,71,WT_Mannose,HDX,5.2610265,3.21397875,3.384346466995935,1.1606792253636724,0.0009868553192069654,4.556381936454422e-09,3.190729102662337,0.01166324403846809,0.07537503582366178,0.001674351228470787,2.7687516974751194,2.0512617969999996,0.0016733922153252202,104.16866394614294,1.1102230246251565e-16
89,22,WT_Mannose,HDX,3.86666,1.9850705,2.3403668607880816,2.252385461776459,0.49999999999999994,9.795851371161024,159.0741010961955,56053248.39326061,0.014159347412652633,0.44410365152675835,3.204349497978061,2.2527688585000005,5.160009676154222e-05,3.2121059831003542,0.7418677524678028
90,88,WT_Mannose,HDX,6.275262,1.962002375,2.014762826754706,0.6030590575309093,0.009621762070227526,6.243951683648639e-07,1.6308967664223406,0.009171966200157373,0.3697660163648085,0.0005108886390563367,7.237804528297154,0.7232721845000002,0.0004072237320433467,25.349677141508486,1.1102230246251565e-16
91,64,WT_Mannose,HDX,5.741892,2.836221,2.9679858929757055,1.9347557818022925,0.017037592835204726,2.6090097819630398e-06,1.3340958794511468,0.010965285156060057,1.4502374311839934,0.012878395729871159,3.3818150819525936,1.985366901499999,0.0001535150386174821,9.556311099016401,1.1102230246251565e-16
92,17,WT_Mannose,HDX,4.293721,-0.22777259375,0.0005757616429867548,0.000573560232392849,0.49999999977902937,44780006330.97321,0.003980243712221783,160425422.10249448,0.14410178719249483,210277253829.38086,9.1787488457659,0.0005785471093816021,0.00014744972001947345,9.178747893440782,1.0
93,72,WT_Mannose,HDX,4.1349235,1.383649125,1.5409362722278939,1.191696458226756,0.00020643559334274948,1.662244872681358e-07,1.5457152282754743,7.109978861149735,4.1240074407442403e-10,3.011195849644667,2.7272824430181153,1.3588581365,8.509587645281656e-05,5.297218323399678,1.1102230246251565e-16
94,31,WT_Mannose,HDX,3.3635245,-0.1657720625,0.22547644367875064,0.023449627754095648,0.3697252378977758,1.396148377754511,51.75513892827887,857689.1971386122,0.00045308791048926804,6.551832431494222e-05,9.353871048551177,0.024408975156254797,0.00015093158626123567,9.395491650388465,0.5779305353631654
95,113,WT_Mannose,HDX,5.0386195,-0.1111625625,0.24987916425250492,0.0008308223770455895,0.4999999999975223,3.255457091323619,450.28996534404956,149264284.44805953,1.845083037572888e-06,3.0183691418661497e-09,8.532769360062288,0.001916108671870798,0.0001380710491289592,8.594920867247657,0.40807816186244195
96,124,WT_Mannose,HDX,5.0420445,2.3356085,2.4307724027419573,2.2396464291870877,6.577595099331021e-05,7.09271254893506e-07,2.4331718753087137,891.8043107669712,2.6463080338484903e-09,150.81475692351512,3.4996539707211323,2.3339084444999973,6.858052568837628e-05,4.269137702819151,2.1882162748454448e-11
97,66,WT_Mannose,HDX,3.353968,-0.235080609375,0.05823432309555262,0.05817249144530871,0.4999832823608608,49157542.11874841,0.11176621567348714,138857739.71729928,0.5204836818959079,3011363101.6044054,7.941836693655186,0.05817366759179029,0.0001275796935915927,7.941835939101622,1.0
98,158,WT_Mannose,HDX,7.2069765,-0.177897359375,0.4292380497331371,0.11013776264628522,0.49997001245716693,2.2059722113578624,576.6873935995158,165897875.1503309,0.00019098347539528684,1.8183108191051192e-05,9.495055044483959,0.11152832550758396,0.00015427602113587854,9.603682295047761,0.24539925059374157
99,70,WT_Mannose,HDX,4.282963,-0.23682884375,0.6419478799729972,0.4228717500950916,0.010051176934627766,0.0003143688767416443,0.2547265519111846,0.10564910139771479,1.6600976286909552,4.461492986034497,78.11537132994941,0.4407498118824881,0.0012616443744764532,78.53736221473547,0.5140833757335267
100,86,WT_Mannose,HDX,4.416107,2.316571,2.4105057843746986,0.06756403742652227,0.00947514632243354,2.254989798754388e-07,2.7007837858223653,0.009290221671478034,0.025009922774091642,2.5262986189334283e-05,7.499278988098615,0.27008722939266366,0.0009311966778143216,57.96699379288033,1.1102230246251565e-16
101,114,WT_Mannose,HDX,5.8851905,-0.1891361875,0.023248923026737863,0.0232428163437406,0.49999999988399935,4793777813.091533,0.01104114185147781,132152048.4600659,2.1051098388550864,4803916135755.913,7.555007304828912,0.023258455812478002,0.00012136553943102257,7.555004696161708,1.0
102,7,WT_Mannose,HDX,5.286913,0.155341625,0.20409720544432283,0.07110607339607385,0.15518920608951184,0.1774879504506474,1.363923212520305,90.66901913023226,0.05213348723985829,0.1320124020398898,8.29589421028213,0.0720924111249736,0.00013362376367511756,8.31807925054574,0.719049365432445
103,61,WT_Mannose,HDX,3.00112775,0.0630413007812,0.4208820262134012,3.850439181585659e-16,0.16845488760119187,0.019957612917218797,5.2667875660337575,147.5860328393592,7.310792647908708e-17,4.4208625258515966e-06,7.420182801259662,0.0026047673242225637,0.0001226664052174946,7.635979491290998,0.029000576421572277
104,60,WT_Mannose,HDX,9.284025,1.193607375,1.2905178451441086,0.8510914541005472,0.00033436084957509914,1.439734787818065e-07,1.297006583038205,1.3873945488119666,8.52575433229276e-15,0.8506892915442994,3.714010117193212,1.0556167273750001,0.0001250408195999512,7.783790933616682,1.1102230246251565e-16
105,3,WT_Mannose,HDX,3.47233775,0.9610260625,1.2208376615147143,1.2205773623201401,0.4999999999999999,1123507.2933900256,0.4706319842387208,56266086.97486497,2.5934857876149384,1708643881.6136873,3.217510369470523,1.2205800795000004,5.168658880010255e-05,3.217490187665428,1.0
106,45,WT_Mannose,HDX,5.5402985,0.841148875,0.9261582299898498,0.9260350743539754,0.49999999999999994,5799395.281124538,0.22267061324014084,65022681.410444915,4.158766443757379,22681308824.798447,3.7142848827374304,0.92603718625,5.9666876745883875e-05,3.7142630665543153,1.0
107,74,WT_Mannose,HDX,4.817491,0.9404798125,0.9758502669041561,0.9755102942436903,0.4998764865311879,2742865.3233419214,0.6135472160510228,233479871.19269994,1.589951463755915,1567910117.5453606,13.402350473295973,0.9755212427499997,0.00021529841400957087,13.402326310247492,1.0
108,139,WT_Mannose,HDX,8.641466,-0.211388390625,0.1034576768470436,0.006164308860141342,0.01041948569447292,0.00018820010418403512,0.11375254551501672,0.011959452800175241,0.054188525898318816,0.016863459711471997,8.374721231439256,0.013830069234378004,0.00013583440903843907,8.455691662259458,0.3047339719367341
109,123,WT_Mannose,HDX,2.93381225,0.95202625,1.175188059511233,0.596799362585537,0.0008374008538095937,6.927465735555929e-08,0.9046247118523846,0.024816839553204253,0.31157150475548817,0.06014527144840169,2.923050841888953,0.836828753875,0.00015788533236942248,9.828361927715413,1.1102230246251565e-16
110,117,WT_Mannose,HDX,5.1618495,2.78009,2.8917998395412017,2.8017478347784524,0.015002232488043533,0.00023998685864983654,0.11277794864317749,0.008698104292846476,24.84304660432019,421.82947933618914,3.368635904180022,2.8067324929999975,5.494996324898775e-05,3.420635242863675,0.15079691126701955
111,159,WT_Mannose,HDX,9.915974,0.138567265625,0.2064788788347651,0.08182536164446008,0.06892746666514106,0.022461209511805087,0.3505313079189239,1.228972117536355,0.2334323919031674,0.5413822813536482,8.545418533030798,0.08353931918823436,0.00013776524270728784,8.575886249541917,0.6443314055688406
112,152,WT_Mannose,HDX,4.879325,2.50191975,2.838311498258323,0.34614326751213353,0.0017437070038347536,4.962088159615333e-09,2.887611313388912,0.0013498948579389097,0.00874363917494917,0.00024967899371018475,3.1427171220952865,1.1749119188125001,0.0020023624723141623,124.64706335910475,1.1102230246251565e-16
113,87,WT_Mannose,HDX,5.863527,1.493179125,1.5025659210690252,1.4026791278381106,0.004672740870570514,1.143700254123083e-05,0.1074588379648291,0.0017634894321884435,13.050402552066348,25.957928873174144,3.676751715580218,1.419684041,6.139371191594851e-05,3.821758548280298,0.008420360261322535
114,73,WT_Mannose,HDX,6.4955175,-0.0351211015625,0.1904797809600696,0.1903998235088764,0.49900942712006785,23148726.466116298,0.14243428862805135,106203499.96874338,1.336755533676872,9354351165.537952,6.327098514243366,0.19040712159374193,0.0001016400672260434,6.327094180200538,1.0
115,97,WT_Mannose,HDX,5.345845,-0.22639421875,7.243392047604962e-09,2.8551384415634876e-11,0.49999527623980905,6714646183697495.0,1.3043813662128034e-05,257120676.18696946,2.188883186711888e-06,7994294.241997952,9.650375328275354,-0.019132164707623578,0.00015355606840275086,9.558865378835776,1.0
116,69,WT_Mannose,HDX,5.109379,-0.236758078125,0.0686769020210678,0.0686660046800017,0.49999999999999994,1689630104.4539044,0.019702854852310773,148378713.13579404,3.4850789489498,4642356666430.145,8.478428375233097,0.06867714996874602,0.00013619954993764015,8.478421920482429,1.0
117,15,WT_Mannose,HDX,3.71708325,1.068765375,1.213860895906787,0.9669685700676508,0.00018264691113818602,4.051651185067159e-07,1.2171910033376274,14.173467569743048,5.8569349158454925e-08,9.655471444206466,3.325383806421015,1.0857320510000001,7.420555354411995e-05,4.619295765052538,1.1102230246251565e-16
118,160,WT_Mannose,HDX,11.74626,-0.1004276875,0.42308389355826836,0.09598644163694167,0.49962822706164983,1.8136629313565245,588.11721398798,141857364.9149973,0.00016320971288370323,1.0916527692959323e-05,8.231291822863383,0.09741207204686883,0.00013399389452944957,8.341119947341447,0.19457570236306665
119,65,WT_Mannose,HDX,2.99344175,-0.26481084375,0.07727280064666087,0.0004856330835762517,0.004072003165131992,2.9423861037905766e-05,0.08213975071911318,0.0029156045678373466,1.2356663652641e-11,0.0640597531320945,7.193592702818291,0.007855676015597201,0.00011771612776082122,7.327829116017328,0.101943180768448
120,8,WT_Mannose,HDX,4.09884575,0.19638734375,0.2882823887775233,0.018450222192448303,0.08080953291777651,0.006659742743855274,0.9068192566597362,2.154182133268609,0.020346085569917863,0.0011643989775673663,7.675801049574678,0.021697458933585684,0.00012537381595148609,7.804520354180799,0.1282390433838576
121,116,WT_Mannose,HDX,6.6691645,-0.113498015625,0.3740338187242361,0.048258945580209676,0.49999999765061354,1.8042566504611326,589.014767451093,141550064.72999626,8.193163948850689e-05,2.7348602266853257e-06,8.091783663618678,0.049678575359367205,0.00013169685444162167,8.198129156996218,0.19938575771083122
122,51,WT_Mannose,HDX,3.09825625,-0.144568265625,0.19882759384227522,0.033465594782442265,0.4999999999984725,7.081654404109757,298.9815080325713,143147171.99106383,0.00011193198871281528,2.0041611798450588e-05,8.183082057979966,0.03418619564555467,0.0001318953007819885,8.210482357332427,0.6617697271957671
123,40,WT_Mannose,HDX,4.506702,0.17155071875,0.614921969716918,0.052579706762032094,0.1308296349191102,0.0065336721762356935,4.002022739358875,30.884527317329493,0.013138282860045763,0.0003323094934695562,8.76062729470889,0.05726477214062035,0.0001476058053926785,9.188461515639624,0.002770842638444071
124,79,WT_Mannose,HDX,4.597744,0.0740034296875,0.40147225989696067,0.013817258222220347,0.277634793840767,0.11515215235623148,24.950214061108714,16957.99391117087,0.0005537931734124107,8.367745530239468e-06,8.014670776602697,0.015883530751563627,0.00013130670655354056,8.17384301327477,0.08815262881311259
125,16,WT_Mannose,HDX,2.99553275,1.165351375,1.1897682107621457,0.7438634198267388,0.0007769255440983645,1.3135445900798185e-07,0.7277708591210309,0.03876380421888186,0.6463977958973349,0.21888930268548995,3.3253245673647522,0.9315636337499995,0.0001195059254200228,7.439243808685102,1.1102230246251565e-16
126,127,WT_Mannose,HDX,4.5279175,1.84230575,2.0512714598118116,1.9582567737772791,0.024643252791193254,0.0007015962980212271,0.13461329505727174,0.01778495886461159,14.547276128588392,207.5712181021864,2.616089698682534,1.961466219,4.262049623441362e-05,2.653125901417228,0.1761993271203075
127,5,WT_Mannose,HDX,5.863527,1.120808875,1.2037902406936452,1.1490681922170112,0.07777239288268605,0.07345746233752354,0.17571310881095586,0.9179337113408513,6.539456276157843,1271.1052674595883,3.8671462477668626,1.149764116,6.220953876868728e-05,3.872543819194441,0.841764490820449
128,126,WT_Mannose,HDX,4.1383755,1.60628675,1.7610239649654469,1.6999695366750458,0.020370498871539737,0.0011883271927612706,0.08287415202503434,0.01488499801443484,20.51266281627755,911.426590577147,3.26026441748806,1.702492932,5.267310258474586e-05,3.278900656876375,0.4946338377947421
129,134,WT_Mannose,HDX,3.5710815,1.304771125,1.5631742827718396,1.0350991938525016,0.015554568684432139,7.025211264414981e-06,0.666844590896857,0.008437075164018655,1.5522345175018228,0.04543914232402284,3.06658912922251,1.0633289020000003,7.716001965860158e-05,4.80321126795931,1.1102230246251565e-16
130,13,WT_Mannose,HDX,3.69753325,1.343032375,1.6650594250264343,0.9011841294914205,0.0006570749135497386,4.4823013965785356e-08,1.38074882229817,0.07964048306384006,0.21571815506506395,0.06802833626932824,3.385996677813966,1.2318258024999997,0.0002491527375768195,15.509757819723639,1.1102230246251565e-16
131,120,WT_Mannose,HDX,5.741892,2.879738,2.9871525194507873,1.904360805015425,0.016271869528684202,2.06253032811793e-06,1.382122928734658,0.00995479203618382,1.3778519722810938,0.009830808615117306,3.3383392882285716,1.9597907829999985,0.0001667089872834612,10.377634438700477,1.1102230246251565e-16
132,46,WT_Mannose,HDX,3.95261,0.6057821875,0.6845598061497156,0.41368322112178585,0.0004931891467456693,2.9580280714244485e-07,0.5947482601455357,0.22001186718175175,0.15837820551805204,0.8844157451699609,2.8621744835279075,0.5354028510625002,7.058297968320279e-05,4.393790456623849,1.1102230246251565e-16
133,90,WT_Mannose,HDX,4.952165,1.7311845,1.8053322493062898,0.24707419511361414,0.0015974387541115949,1.6555795566121912e-08,1.849113301667855,0.002454352041899265,4.3193590877598253e-20,0.0011189683417296443,4.2774107695834,0.7816596719811569,0.0008578395008009989,53.40050865308845,1.1102230246251565e-16
134,14,WT_Mannose,HDX,5.105811,1.327541875,1.3543405302712521,0.5940987910142053,0.0022610545487181874,5.8666399646268314e-08,0.8365828020762994,0.0007781164817759014,0.6522430983246275,0.002261985953040195,2.9161028361792685,0.816359085624999,0.00022080123732891367,13.744877097800863,1.1102230246251565e-16
135,81,WT_Mannose,HDX,8.190847,-0.332634625,0.09756171389993695,0.050604520538282,0.013503210838469523,0.002233632817195508,0.05749998113540983,0.024622875890166644,0.8800788659712553,5.7376383493186,11.411759829138177,0.05349444668973777,0.00018356414910003418,11.426868281831213,0.8492530364658747
136,76,WT_Mannose,HDX,4.369313,2.24057475,2.352889682421191,2.2929929204858888,0.07445786386136144,0.05016405855698365,0.1830007779159622,0.7030736039119785,12.529962695234438,3295.5967297453453,3.56510028266384,2.2937659585,5.737789726651498e-05,3.5717741161264907,0.7937595565096992
137,77,WT_Mannose,HDX,3.83055875,1.55882375,1.6735941956143985,1.6734856798199162,0.49999999999999994,5648980.830845267,0.19620115906227534,49186909.01249769,8.52943829597226,92958103456.4279,2.8159982485061468,1.6734874895,4.523652877828022e-05,2.815973899469863,1.0
138,118,WT_Mannose,HDX,4.499145,-0.16468475,0.14733035313898646,0.040536766427132616,0.09064433422391602,0.0612062344808618,0.41594909648995465,3.84383747958986,0.09745607520056628,0.20941024629976002,8.07266546452134,0.04170904810547001,0.00012998323407656322,8.09145633352622,0.750407555806303
139,150,WT_Mannose,HDX,5.664883,3.20860975,3.325412195911511,3.28343534585049,0.49999999999999994,45.08987176012253,75.89592533558934,58732022.27963487,0.043262340255186424,19.083443805010806,3.357544169412657,3.283618714999999,5.396491830719312e-05,3.3593161715502564,0.936915603147961
140,155,WT_Mannose,HDX,3.10980475,1.30814775,1.3581657644854501,1.1679144064066638,0.0044985655348065545,2.4647252633424263e-06,0.2042871672086542,0.0014145782686809253,5.7135687645234015,1.1040370399889359,3.091163623989039,1.2014267865,5.827126251099593e-05,3.6273861073992526,2.631684203890927e-09
141,95,WT_Mannose,HDX,4.3410135,0.86519325,0.9444018308229828,0.8785082251728747,0.044069392908742594,0.008785877176963495,0.1276232161775299,0.09782172162077249,6.883608260983084,284.39750369304363,3.2219374946678636,0.87984149275,5.1946397086313924e-05,3.2336632100229834,0.6384945136046927
142,147,WT_Mannose,HDX,6.5229415,3.07034525,3.2540797138166613,3.2539889217111777,0.49999999999999994,9367665.054861143,0.16415597761283926,57085209.26818146,19.82254298034573,832393968990.057,3.182337653688712,3.253990967,5.112139775380059e-05,3.1823070316944158,1.0
143,100,WT_Mannose,HDX,5.7084555,0.7310238125,0.8530611296818948,0.7602755121731803,0.043747705121731845,0.007427184265112871,0.17884280235512667,0.16368941437176066,4.251082527008873,92.38889136278264,5.511900865279261,0.7621647953986518,8.892020221316307e-05,5.535282565994692,0.5928678141971067
144,38,WT_Mannose,HDX,4.2389235,1.38495075,1.5341342655818926,1.5340232978234285,0.49999999999999994,9145806.014174514,0.20063441394005632,83254402.59368773,7.64586327788088,120906431270.4952,4.767965089853104,1.5340255419999997,7.659326848949961e-05,4.767930919879716,1.0
145,94,WT_Mannose,HDX,5.7084555,1.25701025,1.3736119375142968,1.3734871913895657,0.49999999999999994,6142762.507374118,0.22554628455244757,70649294.21894538,6.089602380792847,51500842496.589355,4.041006062553027,1.3734894689999995,6.491533882000933e-05,4.040979843250696,1.0
146,108,WT_Mannose,HDX,4.0281425,1.878393125,2.065708561517579,2.065477971614796,0.49999999999999994,1463297.8950887616,0.4169163245768483,57527730.31521453,4.954178692118053,8123118016.592394,3.2930416641424927,2.0654865649999996,5.289988088364631e-05,3.2930175382335998,1.0
147,56,WT_Mannose,HDX,4.686804,1.71147675,2.001212411752054,2.001162713441881,0.49999999999999994,29556544.841207534,0.08985665271924011,53973698.10350553,22.270612724631263,3315477115210.9688,3.0957397581654824,2.0011642865000003,4.973028417688824e-05,3.095710192575276,1.0
148,62,WT_Mannose,HDX,3.4620145,1.443092625,1.8217608953715065,0.8636668273378423,0.004559356253749578,1.0767866270109122e-07,1.029437757026501,0.0015534659611498355,0.8357700386178645,0.0011391999013740865,3.3389078777760206,1.0304202877500002,0.00027063739944929754,16.84717813839798,1.1102230246251565e-16
149,125,WT_Mannose,HDX,6.7390495,2.9174205,2.6130006643635673,1.6629168420175406,0.0011257508186296554,4.080973745569498e-08,1.2818779493613655,0.010534206963757304,1.0551605995228601,0.03132123868010689,4.403708566314222,2.0308949400000005,0.0003660398447442135,22.785980226071786,1.1102230246251565e-16
150,82,WT_Mannose,HDX,3.444204,1.1599,1.3538809828599978,0.9740549158026167,0.0004460349764261986,1.510592717537119e-07,0.8973689403633637,0.3345902297878224,0.5153909957281699,0.9894364424263005,2.8864352105022073,1.1465509852500004,9.479827482550396e-05,5.901192586687894,1.1102230246251565e-16
