,Residue,sample,expt,IntH2O_0,IntD2O_0,Ifit_tmin,Ifit_tmax,rate,rate_err,Iref,Iref_err,Iinf,Iinf_err,Exp rss,Const,Const_err,Const rss,p-value
0,119,WT,HDX,1.83401325,0.9910286875,1.0651600810351551,1.8170935962157346e-07,0.012517254980053709,2.1559938326085083e-06,1.285160898562469,0.013299905024342862,3.4332559812518716e-24,9.199846645039913e-05,6.983347223882326,0.029854242335946805,0.0002635125955668954,16.40365892672704,1.1102230246251565e-16
1,131,WT,HDX,1.5647715,0.7615166875,0.849175652093062,0.7987028754306281,0.19501095949159863,1.49698746753581,0.9406757569045687,337.4896042737629,0.8490735192951893,274.93460223447676,5.2611934950937815,0.7990276861249997,8.456455334698194e-05,5.264143481113388,0.9331140354882247
2,133,WT,HDX,1.5757685,0.6307353125,0.843378813634949,0.7120669787329668,0.4999999903374815,5.377142352477105,237.41733261209302,68538685.38976848,0.002999220700943454,0.01093727390119048,3.9180536265084855,0.712639197125,6.321817755118231e-05,3.935331558990866,0.5807609032782824
3,59,WT,HDX,2.19765125,0.8051534375,1.147202187301487,1.0438672302743601,0.4999999999996897,9.092738461592539,186.83398520017,71773794.68347624,0.005587137849444162,0.06418342451327014,4.102991892188751,1.0443175332500003,6.608340247378945e-05,4.113691767402594,0.724954140179086
4,132,WT,HDX,2.1088085,0.890178125,1.1347886602554629,1.0318280992815505,0.4999999999998946,8.54708150089446,186.1570612567287,66978634.72842985,0.005542782488699471,0.05937762423076781,3.8288599058180113,1.03227677075,6.167843231544274e-05,3.8394823652331307,0.7102392666442905
5,2,WT,HDX,3.39676,0.763732125,1.0309155394982779,0.8367248381967358,0.0005506705766521805,9.122114063742006e-07,0.3945981278295033,0.22041933837793012,1.6207968203512826,10.037466632762484,4.509670754393025,0.9228558477500001,8.50709604844175e-05,5.295667276771349,2.413692246072685e-09
6,36,WT,HDX,2.61452475,1.576859375,1.7049911949382413,1.6618804018500724,0.44380992676310804,24.953918621126572,33.554366631639375,6378164.521703284,0.04952799199264389,13.896182160250858,3.4899697022319534,1.6620754459999996,5.6094254196107836e-05,3.4918673197410213,0.9350708458578363
7,25,WT,HDX,3.238125,0.0549580039062,0.32088358784438975,0.012842606411656812,0.36473679749802734,0.5491605557609812,73.22445971108094,675993.9801604137,0.00017538683743559752,3.8596344870158655e-06,9.026054781737798,0.014311969624982886,0.0001465533086888563,9.122943217540618,0.2675036246356246
8,122,WT,HDX,2.6817205,1.187438125,1.4461362305843137,3.2309729929228984e-08,0.014150034335102432,2.1639472461612673e-06,1.7880861293128614,0.0215104760289659,1.2013344368912224e-22,6.031008892944477e-05,9.213168463844486,0.0788615788984392,0.0003776422172627782,23.508228263401996,1.1102230246251565e-16
9,129,WT,HDX,3.28736975,1.532075625,1.6098655778906292,1.5057085924015587,0.2201378015181058,0.3907412712904618,2.8298139874361046,773.1015634415328,0.5320874796317533,27.33060212580732,4.08440032693647,1.5063414180000012,6.580744758793698e-05,4.0965135833234765,0.6936925423154965
10,21,WT,HDX,2.4421965,0.268357125,0.40445462234504537,0.1168866183569619,0.0968636222246332,0.016431620289358215,1.2295625088663835,8.638040562914172,0.09506358360318545,0.05127663623877883,13.110134240337278,0.11988317142968405,0.0002127112447268241,13.241274873599345,0.2925170502132979
11,103,WT,HDX,2.163854,1.395623875,1.4718966909875741,1.3257090172829644,0.057001331632754546,0.00457874467001286,0.3437488168440461,0.2849434125256091,3.856621324414389,35.83945432134154,4.044997480175926,1.3280669830000005,6.574770035818278e-05,4.092794389082396,0.23439238980421973
12,98,WT,HDX,3.28736975,1.532075625,1.6113181281833344,1.499046760319068,0.20850627429199656,0.28981678741858596,2.561921860248305,476.14679716597226,0.5851258711589972,24.83494728387248,4.140229708096397,1.4997615427500004,6.673919761733989e-05,4.154515018257454,0.6535169415123723
13,203,WT,HDX,2.62893975,1.622427,1.6612547812426808,1.5357646649717962,0.09488773215237126,0.020121564073437813,0.5208921335272318,1.9233923172119274,2.9483353003861548,61.60036138581181,3.2341441823142665,1.5370946099999998,5.235945995163876e-05,3.2593763732923815,0.38297528090893873
14,10,WT,HDX,3.92611225,0.45344859375,0.5241989531716732,0.03815907670546981,0.0021045041308815214,4.1859607806051856e-07,0.5410105912619085,0.0025627477975770393,2.229829950078584e-18,0.010597854998728137,8.980817918855674,0.185230874859371,0.0002173426688700405,13.529581230679003,1.1102230246251565e-16
15,144,WT,HDX,1.823869125,0.967855625,0.9910868266182883,0.9908856347296692,0.49770829577002534,2024977.9630231748,0.3514713780690423,56574701.17677485,2.8192498637400334,3640067657.538727,3.546464987052886,0.990887429,5.697120948282302e-05,3.546457767685302,1.0
16,35,WT,HDX,2.7205405,0.624116125,1.1650199827015968,0.001085193726376239,0.0606316915681773,0.00023417431011804946,2.8900728171291523,0.9731650024857591,0.0003754900983616786,2.2543776102711246e-05,11.057814164636467,0.018887946671879194,0.00022423084031696438,13.95836943383555,3.206324095117452e-13
17,149,WT,HDX,1.69898425,0.8066276875,0.9715308957814818,0.9714588892749677,0.49999999999999994,20827537.706014078,0.13019081789406636,79829816.56907685,7.461808021403047,262236147651.71286,4.56901997149089,0.971461119,7.339753960647719e-05,4.56899682420753,1.0
18,146,WT,HDX,1.895132125,1.18566175,1.3856495741413475,1.3855859475154735,0.49999999999999994,22284787.29469179,0.11503963826873781,66663941.885956995,12.04442197808969,730748429120.0634,3.8145823561741783,1.3855936345,6.127807760086884e-05,3.8145603489564692,1.0
19,28,WT,HDX,3.27601625,1.983827375,2.2338690994598998,0.2328994703105292,0.0022601003921464435,1.1222443919777869e-08,2.2020359191330483,0.0010317618669658947,0.04778953841729952,0.00022823290671356733,3.8656777684547143,0.8180307882343738,0.001267287634995489,78.88865552151829,1.1102230246251565e-16
20,37,WT,HDX,2.910289,-0.243975375,2.603825974914798e-10,6.737389515708193e-16,0.499915719265981,6.978737759784667e+17,4.701867709179866e-07,31390055.325131692,1.432917711094721e-09,1187454345.2133548,16.066678705659196,-0.11826210075762872,0.00020193088468716338,12.570197620636458,1.0
21,156,WT,HDX,3.50770225,1.262558,1.851198841200997,1.747242185879242,0.49999999999999994,10.714825386617175,187.9580420867225,85598506.91281979,0.009295916080425423,0.20937398115301925,4.893273677596916,1.7476951979999984,7.878076629349941e-05,4.904102671996355,0.7610866535874171
22,34,WT,HDX,2.837827,1.636003625,1.798411576555519,0.3770405875389904,0.0012548644625828722,2.2401868206926197e-08,1.832583618877959,0.007908430040537071,8.25545439830329e-13,0.0034032955792915945,5.258317330908369,0.9098984115156249,0.0007450929191561598,46.38203461212422,1.1102230246251565e-16
23,115,WT,HDX,4.390146,-0.113458171875,0.036386960304176055,0.03637549217768679,0.49999999520326066,1651518944.1405702,0.02073485761504818,160595946.29626566,1.7543159858154764,1149603522747.472,9.212924003039959,0.03639514492994708,0.0001479987192860508,9.212920565059589,1.0
24,63,WT,HDX,3.82166875,2.023975625,2.3703903940535063,2.249666843304266,0.2399621249240624,0.5828813830416755,4.415759392093133,2757.052157262226,0.5094631848221902,36.697327902612315,6.285522599353362,2.2503707465000002,0.00010122841903337628,6.301469053412356,0.7313052291583864
25,106,WT,HDX,3.0297765,1.914192625,2.0011631454880017,1.9884868209289703,0.49999999999999994,492.3301300395423,22.919332462139923,58481647.158457786,0.08676024156522533,838.024133460846,3.3431847672702717,1.988549056,5.370873273804081e-05,3.3433686051046854,0.9932320719175383
26,105,WT,HDX,3.82166875,2.023975625,2.3703903940535063,2.249666843304266,0.2399621249240624,0.5828813830416755,4.415759392093133,2757.052157262226,0.5094631848221902,36.697327902612315,6.285522599353362,2.2503707465000002,0.00010122841903337628,6.301469053412356,0.7313052291583864
27,121,WT,HDX,4.706775,0.4358925,0.7289573656791551,0.7288251429342183,0.49999999999999994,6239805.029033242,0.2390643310016058,80634238.11940537,3.048656986513487,13113149843.525517,4.5977571842755225,0.72884852875,7.385907694119384e-05,4.597727578602186,1.0
28,78,WT,HDX,2.17249775,0.23664753125,0.3194773086713753,0.20090699221272415,0.00037256560181889403,3.161392377819434e-06,0.3212677006363311,1.4272594361757254,1.2983127602951948e-12,14.37032439025434,5.921828581081172,0.2555795659671599,9.998792256291441e-05,6.224248117906282,0.002130902023148251
29,166,WT,HDX,9.911065,-0.197835,0.21146696231373796,0.21144735736462064,0.49999999999999994,453292311.83794993,0.03544657953737122,128839023.87509991,5.965240091549378,3648838200830.5464,7.352628668249734,0.21147046639279532,0.00011811425152054093,7.352612144522567,1.0
30,145,WT,HDX,2.0010305,0.7448356875,0.800818744559052,0.8006744479406547,0.49999999999999994,4318815.154791037,0.2608944063250379,66474121.187495984,3.0689598110552296,9198255156.31552,3.8021538006026336,0.800676904375,6.107849913236622e-05,3.802136573304647,1.0
31,101,WT,HDX,2.91390725,1.371856125,1.4805561944173764,1.02498494820119,0.0006561136452509843,1.3548485775097984e-07,0.8242391098397225,0.08615727543650743,0.8060636866540664,0.4414413251915497,3.6408036980711893,1.2222216987499996,0.00012776221883782174,7.953198169340284,1.1102230246251565e-16
32,109,WT,HDX,4.730093,3.04119975,3.079335883843282,2.9870789522324044,0.08038907623272278,0.029307822204781408,0.3080966594128462,1.098513305700703,9.69526562840706,1087.6398276750756,4.005535464782372,2.988211765,6.458827497910412e-05,4.020620079732883,0.6286250574187151
33,53,WT,HDX,2.4648625,0.5290985,0.9665750569870829,0.024580858247985185,0.021926443388347355,2.215753795629512e-05,1.3088390042405202,0.062392629997823676,0.01878065840567994,0.00013596966409124575,11.76812311879031,0.060868510402891304,0.0002561567264212826,15.945755951268143,1.1102230246251565e-16
34,24,WT,HDX,3.4207385,2.29051975,2.3831745112898606,2.2076337922125604,0.17624088660185883,0.06501945317047778,2.4687922256313732,104.07458167546744,0.8942161147838094,13.652101738582008,3.699171853004934,2.208833031,6.00163429792214e-05,3.7360173768657603,0.2940418257022662
35,140,WT,HDX,2.99153,-0.07352665625,0.10282222345292143,5.4413898910775e-38,0.4999999999983706,21.360684693281073,185.90694114701716,166942061.37500858,2.9269428336053316e-40,4.514263811059677e-09,9.543329636755786,-0.032388818749369275,0.0001492645107976146,9.291716007789857,1.0
36,89,WT,HDX,3.0980615,-0.21677075,0.2075238158423339,4.809293892335082e-38,0.27468205380647825,0.4439662326901256,12.777957758087876,17176.02381586006,3.763742206215241e-39,9.223895078952438e-07,9.174954121223092,-0.0422656924375144,0.00014095368747469247,8.774366991751457,1.0
37,20,WT,HDX,2.52044125,1.426216375,1.6759596961782541,1.511357770576931,0.15691828868789892,0.05592252921152544,1.7324715631523795,45.8998400721672,0.872370896424347,11.63543128380632,3.8819952531785673,1.5125688070000005,6.29051626524389e-05,3.915846347369219,0.34223598617247886
38,148,WT,HDX,3.550367,1.638279125,1.858077004286115,1.7490298632744452,0.49999999985806415,7.95634226650524,197.16185570450548,69938870.22216849,0.008871035713397766,0.14158431454681308,3.9980728577652185,1.7495050595,6.441748365106029e-05,4.009988350085724,0.6924489484864076
39,23,WT,HDX,2.396115,-0.131176875,0.12815428353694322,1.951141051647392e-38,0.4999999999996907,19.080593661142004,231.70838022794663,231651306.21479017,8.420675375348649e-41,4.032397163948599e-09,13.242456831557174,-0.14053962700000208,0.0001336730161552637,8.321145319270464,1.0
40,54,WT,HDX,2.2096275,0.7375993125,1.0652949973966108,1.0134880731075677,0.49999999999999994,35.88193262860637,93.66911647710384,71191478.55545335,0.010819874375086065,0.9498923990112585,4.069707038484861,1.0137138322500008,6.542002282613387e-05,4.07239645643918,0.921652923192603
41,57,WT,HDX,2.767486,1.20895625,1.4715874132530105,1.4715319727401237,0.49999999999999994,28459232.90258261,0.1002387987784326,64698243.2766202,14.680263437641461,1387677293112.5684,3.771494378619094,1.4715337304999996,6.058578681073241e-05,3.771465229614483,1.0
42,52,WT,HDX,4.981852,1.277087875,1.545674314251685,0.016649654907698323,0.021934789459607057,6.471103409004438e-06,2.1247452152278985,0.04799543386283588,0.007836071255160905,3.77774477711112e-05,9.045489715756915,0.07552978311719367,0.00032207095309003624,20.048916832534516,1.1102230246251565e-16
43,43,WT,HDX,2.15361025,0.8662724375,1.0253494662576066,0.9875142589263994,0.39818453883746496,24.712688887683026,14.853757797742764,1244430.5676483691,0.06648245328710463,24.92902378594622,4.28824165939115,0.9876978117500007,6.891096360089976e-05,4.289707468387105,0.958670719759409
44,142,WT,HDX,4.015265,1.269781,1.3997058844540182,1.245262373523124,0.051615056377048246,0.002755903128821259,0.33497444659461206,0.17929027988192875,3.717484680346819,22.061150906828967,3.577322802363788,1.2479784564999996,5.838778185053201e-05,3.6346394625361755,0.14042808224769898
45,47,WT,HDX,4.015265,1.360056875,1.3661441531977792,1.2449422913825778,7.462097105373742e-05,1.6442006738702635e-06,1.3676741474382275,501.7107227534915,5.058239940658713e-09,268.6317015983482,3.2618942278160237,1.3046048114999995,5.7396998572235755e-05,3.5729631718385226,1.3016817266842118e-05
46,246,WT,HDX,1.555226625,1.0226284375,1.222729540809128,1.0157430036932837,0.15039963958418373,0.03244730395574522,1.9756413263469155,35.203593936237255,0.5141333045363331,2.3830187635501394,4.009291868169534,1.0173111882499992,6.528158587156154e-05,4.063778699320215,0.1887976166325278
47,6,WT,HDX,2.3117495,-0.187158,0.021329494054234083,0.021315890321860088,0.49996608260488196,965212549.749405,0.02458361476234325,131893017.44230556,0.8670771376759204,164076256109.65393,7.5235101314525465,0.021340699726547594,0.00012085950307524326,7.5235040113928155,1.0
48,138,WT,HDX,1.672976375,-0.22292565625,0.18737330906626423,0.08450805515573272,0.015592627450434687,0.0005524750298404907,0.12997073799515602,0.025113927666096447,0.6502083167172311,0.6258601962022667,9.088663416767979,0.08999245801188657,0.00014706036437799584,9.154507638922727,0.4100445801549396
49,18,WT,HDX,3.5185175,2.26913125,2.3579057983028875,1.4983893413481628,0.0011908124495771091,4.193995698035068e-08,1.1320438372895947,0.006866469858977303,1.100578595296427,0.027532442404456424,3.652350208418933,1.8260658584999991,0.00029950062871800053,18.643914030248855,1.1102230246251565e-16
50,130,WT,HDX,2.45393675,1.368605,1.4087839224773566,1.3704360308488057,0.22777886754235258,3.233860219636999,1.1683906432944764,1082.4998251327886,1.1729262286666624,1090.8842074478198,4.131506176638577,1.3706623754999998,6.639572502733955e-05,4.133133887683703,0.9525179211733165
51,93,WT,HDX,3.4974765,1.84535325,2.0011347148543974,2.0006219709886395,0.4999999999999999,339205.9669213111,0.9270626570420738,65919648.19844056,2.158022390171459,357197630.1664691,3.7730904449818103,2.0006324115000003,6.0611600633577644e-05,3.773072115983151,1.0
52,29,WT,HDX,3.17215675,1.281681375,1.6791443604187617,0.02210677197061035,0.030404475157394743,1.3667883072047506e-05,2.614567129565847,0.09908537846430882,0.008455232118779507,2.385381644892752e-05,8.960375131686934,0.06910461775779796,0.00030331479860741837,18.88134590078917,1.1102230246251565e-16
53,4,WT,HDX,2.666994,1.353310125,1.4528028941795585,1.4525960087586496,0.49999999999999994,1962599.8737294334,0.3740576159361858,62105132.05386707,3.883348304840991,6693652519.632519,3.5465192265411236,1.452616367000001,5.697166660625591e-05,3.546486230437453,1.0
54,141,WT,HDX,1.665820625,-0.1451070625,0.005431782007698694,1.123896852583946e-06,0.006813841157554301,0.02417911271874387,0.00601631456452056,0.007806961020726757,2.1829095481967878e-09,8.418188378017867,10.011838928683002,-0.008914497084481266,0.0001605207761491586,9.992419810131542,1.0
55,154,WT,HDX,3.04110825,1.99107625,2.1429905264012383,2.0409612058429025,0.4999999839205393,7.684296728361592,184.47329459413348,59133055.02398795,0.011063721772483636,0.21269668516833415,3.3803705540073468,2.041405909,5.447071065466739e-05,3.3908017622180857,0.6835115489527837
56,55,WT,HDX,2.69113425,1.392177875,1.4656555460847591,1.3134220647099553,0.019469420697039715,0.00018198407647119686,0.20386473587196033,0.01471549854641587,6.442615291397637,14.671559027852666,3.5243241911250522,1.3199874405000003,5.854693440981291e-05,3.644546697767373,0.015881552774489327
57,39,WT,HDX,3.0742685,1.936556,2.0920524943410315,0.7906793140352775,0.017023338533723995,1.861707430764251e-06,1.6799601588375632,0.012422601218741518,0.47065360988659644,0.000974981332321879,3.837169297442745,0.8544761088443589,0.0002191002806278503,13.638992469973202,1.1102230246251565e-16
58,11,WT,HDX,4.364349,1.82068225,1.9155676670590485,0.11637041831550662,0.002319670761456333,1.5776760416335642e-08,1.9727615086473662,0.0011330473142026525,0.005204906873710392,0.00028040994029369156,4.301044725471435,0.6347987010714189,0.0010382122262392861,64.62871037873104,1.1102230246251565e-16
59,110,WT,HDX,2.894508,1.714605625,1.8670813156915533,1.0079858642155228,0.0005671332485553466,3.9275325132008484e-08,1.710884295608791,0.16420355515772045,0.09976699108645781,0.07353239687504325,3.7932558979105604,1.3876007959999994,0.0003079434620158195,19.169480467231846,1.1102230246251565e-16
60,58,WT,HDX,1.984708875,0.962940875,1.0625104830011634,0.9344317066239068,0.00010317367541129853,1.72224918663236e-06,1.0641560803417518,160.33660951560933,2.1008685764626086e-08,142.0044153962655,3.8131112252382615,0.99710141375,6.682386996006397e-05,4.15978588393273,2.151539555184101e-05
61,107,WT,HDX,3.94167225,1.693338,1.885133410624564,1.7192753572580581,0.2608388942868433,0.23826846568867122,8.297551387045962,3919.281223966695,0.20720273693540125,2.443757392669067,3.7237792593541905,1.7201927299999988,6.02936459876155e-05,3.753279464591494,0.3773711663214261
62,151,WT,HDX,3.3785905,1.9252275,2.244082090477896,0.8746377447894976,0.001083061811039591,1.3228287216403071e-08,1.8800273026236585,0.008450955915631032,0.2097580253628088,0.004455221922713284,2.9919804954861897,1.4105488285000014,0.0006629456803402076,41.26836816768636,1.1102230246251565e-16
63,32,WT,HDX,4.1587415,1.230298875,2.0732673993863275,0.0487658240533028,0.025740689714964318,8.077849029230185e-06,2.9785418847419054,0.09451732419181942,0.016372381500857746,2.7617713569520312e-05,12.623510089720014,0.11582154155886806,0.00047484646740941257,29.559192622899037,1.1102230246251565e-16
64,67,WT,HDX,3.292811,0.8174764375,1.0105546170933317,0.8266068827870211,0.337168037096569,1.2219532412215102,28.916632310298798,236144.05359396775,0.028585862762885467,0.23074283100434603,9.677090218435888,0.8275288116875043,0.00015601516933081103,9.711944297272215,0.6414576322331426
65,75,WT,HDX,2.73399275,1.545623875,1.5743812639052286,1.5094341689064696,0.01047689824698609,0.0001650590714289965,0.07599964374342086,0.004644019755255562,19.86106715819279,316.8607404035355,3.2249476535405135,1.5145243610000005,5.2383569518925316e-05,3.2608771790017013,0.25453422833483574
66,50,WT,HDX,3.21472175,-0.3054109375,5.061520365164112e-09,1.555804502178543e-11,0.4999994677672419,2.2787869595354724e+16,9.123241060957424e-06,435605531.9654901,1.7053199534938866e-06,16774396.56371444,9.305688850708172,-0.01922224659483066,0.00014800506052438104,9.213315160387381,1.0
67,19,WT,HDX,2.100983,-0.236376765625,0.5055166842013679,0.32503797977776483,0.007378794296806522,4.1027035962312865e-05,0.20162249494282022,0.0134004288419562,1.6120200104498854,0.8534173086177218,15.425939234843138,0.344950051656258,0.0002535686425803893,15.784647859629343,0.05848772801973556
68,128,WT,HDX,3.5424365,0.156256265625,0.36109644048114015,0.2612729794982017,0.4999826623801687,11.874699973192106,180.43811979973586,87425641.07607453,0.0014479921415063658,0.0056295802445954805,5.001209202455659,0.2617173202499944,8.050110328621238e-05,5.011193650406529,0.7816795141396864
69,84,WT,HDX,2.92427425,1.617755125,1.8076025823904753,1.3234286145343603,0.00026962636645721095,1.2010954758784323e-07,1.7048337653676051,3.3624206071386094,0.06431707122069125,1.3355307652519683,3.7762278230493482,1.5520512755,0.00013960438625618,8.690373049694355,1.1102230246251565e-16
70,48,WT,HDX,1.998540125,-0.09383434375,0.12024986763546548,3.0065248939784426e-26,0.10368780235557055,0.10992249159625762,0.5695740743782337,11.896216904997642,5.278549409504755e-26,0.0006564208550211238,12.734941097537352,-0.06344837627342328,0.00018876883677432132,11.750859903724457,1.0
71,30,WT,HDX,3.14711775,1.654438375,1.759383342755588,1.7591354806578745,0.49999999999999994,1504857.2530566666,0.4481451856022606,68342042.33613783,3.925369583729387,5243382885.595563,3.8876423026630054,1.7591445985,6.245179444122989e-05,3.8876242291869025,1.0
72,68,WT,HDX,2.9724105,0.19650575,0.40558054662324794,3.7206051348127785e-15,0.13024421509342346,0.014257565086288471,2.8611608571050886,34.51935985992243,1.3003830684924413e-15,2.0436053752768633e-05,10.067715678527371,0.00328884518645654,0.00016531673070787004,10.29096643784544,0.06662471634287759
73,9,WT,HDX,2.6651115,0.40535121875,0.6946330499276129,1.3214801529711641e-14,0.05992137236362455,0.0004587478708843823,1.7065077433008664,0.6718298455544998,7.743768864564596e-15,4.68434990988777e-05,7.970485129282327,0.0034301438632856037,0.00014518878679594242,9.037999569051959,1.8131606505100706e-07
74,92,WT,HDX,3.22532525,-0.25268025,0.0544631286751688,0.0014731020798063783,0.04911033768932053,0.06853821016468259,0.11069279853768069,0.5120222774851714,0.01330802093060212,0.022265666860796878,12.02423774635023,0.002446692061657624,0.00019327299091546852,12.031237171783015,0.9306522151424356
75,112,WT,HDX,2.5258965,0.4592795625,0.914094343250523,0.010473631515319918,0.06837770937223514,0.000629256234344963,2.5201541424366196,1.791518856029683,0.004155948772718105,3.6830675374255746e-05,12.860293076781371,0.022955760781248006,0.00023244856677710968,14.469922933678525,4.730466943714262e-07
76,27,WT,HDX,4.052172,2.960115,3.124515164639698,0.6420678337766159,0.001473649919327447,5.157195238483599e-09,3.020133771790647,0.0027173208321772378,0.05642407325156347,0.0004978576815045916,3.497678231009635,1.5249115029999998,0.002030568096176486,126.40286480995863,1.1102230246251565e-16
77,42,WT,HDX,2.591225,1.294320375,2.1062159215778298,2.1061828270099965,0.49999999999999994,206814940.9545464,0.05983638233075839,167473030.52978003,35.19903351388493,57952969970763.734,9.597939902054335,2.106185821,0.00015418286432074353,9.597883328382459,1.0
78,143,WT,HDX,2.73276725,0.42990315625,0.9196340831303123,0.5689418485553215,0.4999982432453872,4.293918984075875,634.0497262650965,390354991.90304756,0.0008973142404882084,0.0007816999709315862,22.316411898435717,0.5704700684804856,0.0003604762687933833,22.43964744901453,0.5065588409551172
79,44,WT,HDX,1.80447525,0.7766349375,0.9893670051489576,0.04246551820857458,0.002528813606059446,9.047726284225685e-08,1.027616738455018,0.0016552904821579872,3.7824000735213134e-15,0.0011617003037436757,6.324765374543512,0.2947500747343587,0.00038127221772121664,23.734195753915998,1.1102230246251565e-16
80,135,WT,HDX,1.790325,0.586512625,0.6987759358430617,0.01875134778758062,0.0029060759113271697,2.2351302309521892e-07,0.7299100299704971,0.0019646425176728004,4.582433161254622e-12,0.0017055887542913753,6.959159835964332,0.18338367993749255,0.0002504012220091537,15.587475869329118,1.1102230246251565e-16
81,99,WT,HDX,5.122322,-0.116877125,0.1460388560482081,0.024986557720372875,0.49947011428766774,13.642962792250534,217.13496204830162,145458566.27428338,0.0001150738576812638,4.081037308883599e-05,8.494006392169478,0.025514192739993197,0.0001366939235288727,8.509196748064028,0.8019849662774656
82,33,WT,HDX,3.7972705,-0.140334921875,0.15329287049957943,1.6757579398856943e-16,0.047918309816239804,0.006558317819310999,0.31454430014512974,0.40578125365499923,5.327573696594133e-16,0.0018088402829749464,10.309465930979087,0.0018719418671811977,0.00016659148141521534,10.3703131461577,0.4834712877261156
83,153,WT,HDX,2.5068575,0.50191028125,0.7890599493893206,1.0872830290335488e-16,0.05362122327896317,0.0002845409732366865,1.7636849990008978,0.4942281831883084,6.164836859469796e-17,4.804119403394315e-05,8.673702559833535,0.011092239538388773,0.00016294100817582931,10.143076184803101,4.039266032762612e-09
84,80,WT,HDX,4.591147,0.12394784375,0.28744534123523924,0.004649366734684312,0.17408925298197478,0.05279002083302367,3.850908964962867,206.4151718375035,0.001207342675972384,2.7046278459648292e-05,8.072059873421761,0.006595545078343246,0.0001312141139705867,8.16807793910519,0.2321485260418369
85,41,WT,HDX,4.4960175,2.187364,2.365281139702666,6.616645579669287e-05,0.008421071354507577,1.6883596470994386e-07,2.683744337625599,0.008139800531668994,3.1762372739660976e-13,2.8253343756117547e-05,7.793038502482344,0.22884649610938712,0.0010276639867566114,63.97208306911757,1.1102230246251565e-16
86,136,WT,HDX,2.275835,-0.08968434375,0.11865078471725328,3.2602069281672015e-20,0.09781768364937506,0.05766309008489172,0.5146308519500372,5.277887910297335,6.33503979758236e-20,0.0004823631402200262,7.625457851901029,-0.011279355679677599,0.00012234879571629558,7.616212607492516,1.0
87,71,WT,HDX,4.08231725,2.6374085,2.8306118665604623,0.05738685947578126,0.004438268905982691,1.807132553077754e-08,2.9759883222697043,0.002222923331999215,0.015556544885206846,2.8679611232680593e-05,4.938901619700622,0.5517824973671888,0.001921830891352272,119.63397275797192,1.1102230246251565e-16
88,22,WT,HDX,2.828436,1.876108875,2.0377267891545765,1.9305715160606445,0.49999997582986294,8.55628593106486,193.74120844516563,72625405.98483458,0.009964692238445762,0.19211740467024044,4.1516732729794406,1.9310384689999993,6.68783762619899e-05,4.163178922637228,0.7105004741702994
89,88,WT,HDX,4.820674,1.545445125,1.7524110505807222,0.43197014890092417,0.015390617396761836,1.685355640950418e-06,1.663335565321093,0.012792546604476198,0.2597011400532076,0.0003297392714076333,4.737428448000505,0.5032810419062502,0.00025203213359777565,15.68900032104645,1.1102230246251565e-16
90,64,WT,HDX,4.397986,2.25081525,1.8817118033840685,1.1079388407375084,0.00042544619065157933,4.889388411196997e-08,1.8937587091045827,0.5458837660812131,1.2478676054424016e-13,0.16003006174539228,3.88414395611454,1.46091736625,0.0002640456828518274,16.436843808858626,1.1102230246251565e-16
91,17,WT,HDX,3.21778625,0.0542575078125,0.11702943239302147,0.02032064114595758,0.10712664666868556,0.13165745475673052,0.4823181752721281,10.025395598647403,0.04213119510682445,0.07586879751470953,9.02468861135719,0.021253531554686407,0.0001452001241261797,9.038708099186778,0.82555170798714
92,72,WT,HDX,3.150119,1.6647875,1.7740679894999,0.16002764852988097,0.0019322762120913787,1.7836825297624104e-08,1.826240262072041,0.0014733095372753535,6.373996114185775e-28,0.0006155753591979851,4.468163059000571,0.6699471708217626,0.0008900941631848306,55.40836147208266,1.1102230246251565e-16
93,31,WT,HDX,2.56819075,-0.228786640625,0.25293596415179015,0.02561768060343765,0.49932646709464923,4.863071783590266,406.86966185882113,182052065.82378387,6.296286748537834e-05,4.35164651690209e-06,10.692355346012043,0.0266085648437556,0.00017264689323764326,10.747269422009605,0.5311816117999868
94,113,WT,HDX,3.42145,-0.26412265625,1.1588253916956545e-15,3.4341502941122134e-25,0.49999999999993494,0.0,2.0952054585114503e-12,127123.59661027289,1.63905180762178e-13,0.0,9.670289055173184,-0.017481083019537193,0.00015411874075454268,9.593891989289194,1.0
95,124,WT,HDX,4.346304,2.57881725,2.933591270810541,1.5834632106580901,0.0004952714926768107,1.6468079255971233e-08,2.955466287657516,0.2990264306616879,1.672993328300096e-14,0.03663253836259396,3.957818202688694,2.1895513785,0.0006802991807536419,42.34862418592344,1.1102230246251565e-16
96,66,WT,HDX,2.35979825,-0.26042675,0.052920384410304395,0.018083170993060223,0.0008624955077261881,5.819474323730596e-05,0.0536094854680879,0.0664454081855124,1.5515326694070664e-08,28.184784655258007,8.871870895158825,0.032281131882819204,0.00014296728470645072,8.899713558917826,0.6791086578001173
97,158,WT,HDX,5.020022,-0.1288355,0.1690470270129553,0.024829877541343838,0.051233618953547624,0.009960515072013934,0.3110098023389242,0.5627533035995108,0.07983631819515893,0.03747089377935435,11.508231915362273,0.027382530203126813,0.00018567841487593945,11.558481384177437,0.5838707011625535
98,70,WT,HDX,2.6983905,-0.2305879375,0.4311821176141571,0.14970485492814117,0.0008496906229526381,5.668628723691536e-06,0.4367128594221477,0.4512073771475235,4.342794239793461e-13,2.8685779015017854,56.53566736375956,0.26587919998437526,0.0009351015442647221,58.21007065952074,0.02719962908915552
99,86,WT,HDX,3.0450025,0.862808,1.2200448572487042,0.04322546018526385,0.03543813591198205,3.8822407913543575e-05,2.0024820011649687,0.13657263646317616,0.02158594192612813,4.841837823667175e-05,8.35165943849913,0.07221473917186,0.00020534583106875652,12.782778079620009,1.1102230246251565e-16
100,114,WT,HDX,4.8451465,-0.156366421875,0.1507507375803744,0.05336304691495784,0.006434249508215918,7.253578064261214e-05,0.10729108197595207,0.008004229966569156,0.49706565593106367,0.1923090529782288,11.079793724710415,0.06563535287485438,0.00017982716782157703,11.19424135105282,0.28107395250162104
101,7,WT,HDX,4.158653,0.1312225625,0.20186889870156963,0.05059970176235991,0.07038623008605713,0.019689183120007142,0.4347862200206503,1.6291799983622528,0.11637834740934673,0.11567889587052961,10.41427301493297,0.052639326015624384,0.00016800797977916787,10.458496888488373,0.5925450399021419
102,61,WT,HDX,2.23885575,0.122064875,0.24044767192256186,5.0117200115728455e-14,0.068277699182712,0.006519827762406974,0.6695915993002542,1.3119725769453712,7.484741470487774e-14,0.00035914735115267024,9.472745819164667,-0.013216514043955357,0.00015334733862293584,9.54587244093899,0.386849276142449
103,60,WT,HDX,5.960799,0.526656375,0.5926264143828059,0.031647162779784715,0.004427746136517941,1.140754463155253e-06,0.6019317733386915,0.005750434052705282,0.04879950592333904,0.0018436130151188899,12.813651123156765,0.13186623474999587,0.00028132189097724463,17.51228783195199,1.1102230246251565e-16
104,3,WT,HDX,8.144906,1.161072125,1.219278797803716,0.2698301478261577,0.001211423401341827,5.089107104313103e-08,1.2416372674062777,0.00940489690591637,8.628781903334135e-21,0.00866498707804689,5.3830442993163246,0.6294530329062499,0.000382647127231482,23.81978369306144,1.1102230246251565e-16
105,45,WT,HDX,3.76873575,0.7883228125,0.8425096186619154,0.7407691114502972,0.00045247875498840857,2.4927334856312107e-06,0.23783369029138157,0.37341664547161174,2.549195962851573,84.49525109105716,3.415550207757236,0.786908760625,5.834260855475032e-05,3.631827382919469,0.0005092501432862884
106,74,WT,HDX,3.56114475,0.8999781875,1.0421205199793466,1.0420520419713462,0.49999999999999994,19219447.121485155,0.12381114292203198,66590945.73745716,8.416464119288207,307719528190.68005,3.759261926569844,1.0420540652499999,6.0389414745097147e-05,3.7592411167458306,1.0
107,139,WT,HDX,8.144906,1.321293625,1.3255992080745973,0.2994926406598738,0.0011948032317579225,3.466563816628826e-08,1.3495708299896172,0.007966824535499392,5.261844540509327e-13,0.0061703719406126425,4.298695174658434,0.690259349875,0.00041242577511485447,25.673504683253825,1.1102230246251565e-16
108,123,WT,HDX,2.30210325,0.942417625,1.195378660529689,0.055392542986081074,0.002622201710384443,5.578478216939722e-08,1.232825794972408,0.0014439701878497617,0.008194483884312454,0.0006287363393146519,5.455034444734936,0.3603635739531229,0.00046568611049512123,28.988960198578084,1.1102230246251565e-16
109,117,WT,HDX,3.71167975,2.408714,2.502943211024675,2.502517178063476,0.4999999999999999,452681.2780512277,0.7702856638047182,60748937.45794538,3.248817024196767,1080651223.20576,3.4754375888873716,2.502520724,5.582985367794304e-05,3.47540835320508,1.0
110,159,WT,HDX,5.749983,-0.242028890625,0.005988893244858593,0.00597438347958863,0.49999985358236176,1180400959.621456,0.026234213414557197,183708937.84251595,0.2277325180359127,13843440307.157211,10.498545097385465,0.005977902630557339,0.0001686512770837108,10.498541837599806,1.0
111,152,WT,HDX,3.204399,2.14869375,2.3829919789274876,0.027986431786101496,0.009397630440437257,1.9608284391340863e-07,2.711537542840069,0.008240959654361037,0.010314037761501183,2.236051117827474e-05,6.733183779225336,0.23319041507254917,0.0009323198261135427,58.03690957626121,1.1102230246251565e-16
112,87,WT,HDX,4.4550815,1.6273725,1.6116904105580225,0.9524068923801083,0.0004917264630807969,5.489985154972245e-08,1.450638023720098,0.24488469956672893,0.11837052199642181,0.15450377070896273,3.14722670625052,1.2487567369999992,0.00019631420899932415,12.220559500753607,1.1102230246251565e-16
113,73,WT,HDX,4.575453,0.067563578125,0.17684469201073102,0.10891443565333095,0.0003893247561132974,1.1022515026338558e-05,0.17788046364854038,1.3645205479345588,3.020069652000589e-10,44.973026131938425,6.768366739424652,0.1399087571153771,0.00011055928535517709,6.882315503654198,0.1272152356044839
114,97,WT,HDX,4.09745575,-0.28603734375,3.3189802495300425e-15,6.908602940347152e-24,0.4999999999999314,0.0,6.00085705139506e-12,105190.75943595437,1.151269373887362e-12,0.0,8.001858651030645,-0.016275173132807207,0.00012748013749242485,7.935638335904932,1.0
115,69,WT,HDX,3.4150075,-0.26409278125,0.003594467163232793,0.0035903515901063152,0.499999994326733,12947664782.016909,0.007441130139234337,162070150.16836154,0.48250084636683266,681429989116.5262,9.282105404051944,0.003597939724075539,0.00014911012796500671,9.28210305076474,1.0
116,15,WT,HDX,2.18508475,-0.173523328125,0.0783895183473595,0.01581486981821009,0.009275824574759686,0.0003679154696894166,0.07191660908580966,0.011085668433047396,0.21989726819485617,0.13762565104481372,9.23237097896349,0.021337552938613027,0.00014889909949928273,9.26896865254212,0.613488563984002
117,160,WT,HDX,5.8567765,-0.13916309375,0.0413671835667169,0.04134733920557434,0.4999974354859837,600612920.2282904,0.03587806645992888,174838987.36219877,1.1524405656518286,180391989624.42868,9.96033039012044,0.041360051203122014,0.00016000518604969302,9.960322828196169,1.0
118,65,WT,HDX,1.847488625,-0.219406078125,5.824624293477375e-12,5.887109185343935e-22,0.4999997445593796,1.0403827371567148e+20,1.0531127418570742e-08,18324530.84492276,5.590198419746134e-14,1276067396796.0535,9.352915172782742,-0.026740091786190093,0.00014737601845112803,9.174157025610015,1.0
119,8,WT,HDX,2.9523345,-0.41663353125,0.12646642509782752,0.12644697867990676,0.49999999999999994,708486657.2471651,0.03515994840997459,198091500.67344314,3.596335728525551,2072477492144.2148,11.286887277141908,0.12645927683533634,0.00018131527992136732,11.286876091993213,1.0
120,116,WT,HDX,4.833416,-0.22531165625,0.22062169765795928,0.011845080400661798,0.49916726408496126,5.423025196136986,372.79122547341615,170431902.04907182,3.177403219622312e-05,1.2341810915378523e-06,10.07406406903931,0.012755206250001998,0.0001625959848682075,10.121600045669638,0.5591247804630259
121,51,WT,HDX,2.55461875,-0.243814390625,0.2768079760595263,0.012450432861026504,0.49999999999973066,3.160324123024284,477.9696506823574,163264461.45414582,2.6048584556053006e-05,4.831670880525795e-07,9.333100325913737,0.013602426578135207,0.0001510542567399097,9.40312756854464,0.39725591326016496
122,40,WT,HDX,2.86222,-0.152543,0.1707730335441015,0.04193031833972738,0.009851339993728357,0.00011461218739031051,0.1493611520809247,0.013640434418365032,0.2807270187357725,0.05584777928614102,10.39329195707056,0.0526468471250044,0.0001693438753630488,10.54165632793284,0.17368719304270885
123,79,WT,HDX,2.40032075,-0.111980796875,0.03975782140988218,0.018993788973781033,0.06873316452099999,0.726145457586228,0.0582194649369582,1.0985763015223893,0.3262446502101674,34.31623145112215,7.725167117342936,0.019281131151770728,0.0001241123220679742,7.725992216152136,0.9868966953477777
124,16,WT,HDX,1.89858675,0.225673890625,0.27646970509644897,0.005142171096289713,0.030948191394264937,0.0004813410544365935,0.43162172779682817,0.09298105770439373,0.011913605745793726,0.0008081216492796536,8.049698514575272,0.012712538413990305,0.00013352534975240746,8.311952855720786,0.019074499537039546
125,127,WT,HDX,3.248223,1.639076625,1.7161303590271377,1.654934527299096,0.07672947186232246,0.0550494969040284,0.19345040140300412,0.842390341078891,8.554826018951834,1647.0766244097986,3.76088729551433,1.6557039850000006,6.0525856716271507e-05,3.767734610860506,0.7987976108976078
126,5,WT,HDX,4.4550815,1.496952625,1.5314306268910667,0.9131183042841327,0.00041533508275137825,7.72649157463522e-08,1.5410012615797586,0.6080006789944064,3.699734512003201e-13,0.2685544138410993,3.9226212574260635,1.1958105002500001,0.00019186738981949976,11.943744947488565,1.1102230246251565e-16
127,126,WT,HDX,1.878206125,0.7858768125,0.9737199876053511,0.9736604769427185,0.49999999999999994,25578435.347847838,0.1075978021519056,66963848.06600493,9.049074028186128,473632920186.35645,3.829783061451697,0.97366227475,6.152223632038676e-05,3.829759190063296,1.0
128,134,WT,HDX,2.73276725,0.78471875,1.0022088198189745,0.9759688422167906,0.49999999999999994,113.79166980031924,47.4429924591253,57918096.86142514,0.02057140141523831,10.889179570880131,3.310892836018931,0.9760999344999998,5.319817402738465e-05,3.3115863579998255,0.9744652350283808
129,13,WT,HDX,2.7048875,0.9183005,1.1011968201812727,0.062178696799144714,0.005153123600502713,2.5948226107532345e-07,1.1243556577650056,0.0040170886927052025,0.053787529156975995,0.0002445594671544068,7.409089398845073,0.2238731192304706,0.00035821541588084056,22.298909755262386,1.1102230246251565e-16
130,120,WT,HDX,4.231599,2.449606,2.4227444101712456,1.4651726769702296,0.0004039581105565739,2.903949824858861e-08,2.4374692856791573,0.6141828420789147,2.660025854936324e-16,0.1081529134698496,3.5392394356791796,1.9039618524999995,0.00036789090604466253,22.901208893891983,1.1102230246251565e-16
131,46,WT,HDX,4.6288,0.15384334375,0.3522815581361922,0.030686235067062525,0.05246382133338005,0.0011523484252686823,0.7064492132217444,0.32808466216008986,0.04343728394447309,0.001356161532923766,6.198855145685638,0.0362613932460964,0.00010352498520273864,6.444430465638126,0.00824475605036723
132,90,WT,HDX,4.4960175,2.14917725,2.3336745895723188,3.795726203324533e-05,0.008856621539655923,1.8438426299103365e-07,2.6652381759472856,0.008158212535516577,1.5507011156276693e-23,2.593455804831187e-05,7.26656660000677,0.20298616116051002,0.0009834548363700602,61.220063986666666,1.1102230246251565e-16
133,14,WT,HDX,2.418573,0.18435953125,0.22586698125607418,0.003013888770747845,0.12133665358463214,0.034866725596863116,1.3754862446322353,20.193301726142604,0.0021911442462688316,0.00011934894742617886,9.028136753585464,0.004973926937510528,0.000146150266607211,9.097854291092222,0.38672768445831796
134,81,WT,HDX,5.0773725,-0.136581125,0.1731963831492143,1.4490381096957753e-13,0.06761633979938399,0.010874955898125578,0.47755111933513045,1.1221934771397892,3.0343099430134215e-13,0.0006279303849967716,8.420297422227394,6.216164062119878e-05,0.00013624533408845295,8.48136064531812,0.4096800365392482
135,76,WT,HDX,3.33342925,1.989221875,2.176007993591544,1.9609147339534003,0.22151185901643722,0.08557239038201966,5.965508541218137,751.3525929497849,0.32870872959189296,2.280931973463652,3.743602972539629,1.9621998275,6.0965864560908436e-05,3.795125047905108,0.18486985620969842
136,77,WT,HDX,2.68798075,1.510142125,1.5213281072411964,1.160090672647554,0.0007674465022840917,2.1488774973183906e-07,0.5938224170046725,0.043891236404342546,1.573370037326766,0.8763450546847469,3.5753287237197635,1.3124888880000005,0.0001008232570156812,6.276247708424199,1.1102230246251565e-16
137,118,WT,HDX,3.22271175,0.16503075,0.2923140617399877,0.2197377554142701,0.03924670436624476,0.01219125448576568,0.13075679551071703,0.1621912911077487,1.6805073461459985,26.71229087502292,7.495682750452621,0.22136751956251033,0.00012066171201885271,7.511191557663642,0.7747139096710696
138,150,WT,HDX,3.506678,2.260993,2.3678579112979583,1.2147859241924654,0.0012369237670672782,2.4553392611292667e-08,1.4952226993240871,0.006089118343195884,0.6019983392488154,0.008654645333364054,3.8085686540388015,1.6494562960000008,0.0004934740616596235,30.71876020388,1.1102230246251565e-16
139,155,WT,HDX,2.39895975,1.51356825,1.570847935780365,0.32276839320624706,0.0016281371917870222,2.26987486872335e-08,1.472963088873563,0.00200137930377149,0.09058063106549342,0.001617827673742721,3.729612241469921,0.7499340792500006,0.0005536533441991076,34.46492049374913,1.1102230246251565e-16
140,95,WT,HDX,2.259639,0.9198440625,1.1596393966010083,0.7801251618658581,0.001524433188405192,2.2911602352592819e-07,0.4567501574062177,0.0024425428604508185,1.561499207164757,0.08679175188582307,3.5827627825169284,0.9134061015000001,0.00010354157553374922,6.4454631101331525,1.1102230246251565e-16
141,147,WT,HDX,4.730093,2.7563705,2.8322573593958684,2.7796220008731014,0.05318473869469698,0.03407570130358121,0.11688133502827441,0.2620263335711088,23.7815729962418,10846.121469888676,4.7279900918807805,2.7805242979999996,7.60559939048824e-05,4.734485571702173,0.8440426763124154
142,100,WT,HDX,4.4005675,-0.051685140625,0.26230341928660794,0.18813035250735408,0.4999999988452455,43.799934835767445,134.10804842424488,178132233.2415562,0.0014028267111322954,0.01948951469794683,10.183029300644428,0.18845357662500675,0.00016367135832668188,10.188542145998554,0.9353431457056054
143,38,WT,HDX,4.706775,1.1569665,1.6157882585946215,1.6157577115221209,0.49999999999999994,122875823.10419731,0.0552304027189253,84841367.69355062,29.254860221550835,23803855014098.883,4.86361473171382,1.6157598894999987,7.812988175861022e-05,4.863585168080339,1.0
144,94,WT,HDX,4.6967055,1.175319375,1.6044708095359048,1.6044353660423698,0.49999999999999994,103057416.83247073,0.06408333962801686,95700039.60453942,25.036700261809077,14607504219117.248,5.313375234346765,1.604437609,8.535490114509852e-05,5.313342566785812,1.0
145,108,WT,HDX,2.3494855,1.618406625,1.7195279900877412,1.655536966144111,0.006233623682201856,5.3931739171287115e-05,0.07029307995337931,0.002654616533714228,23.551531526651498,297.636330630741,3.8314185810819854,1.6638509975,6.235889491312158e-05,3.881841186961826,0.1989513649557113
146,56,WT,HDX,3.4974765,1.84535325,2.001653353737479,2.001152800730404,0.4999999999999999,352231.41941792564,0.9050210674747384,65242104.01991837,2.21116709063379,389451766.9134518,3.7341818209159565,2.0011629155000006,5.99865598793996e-05,3.734163355933105,1.0
147,62,WT,HDX,3.00838575,1.406240125,1.6632496335950717,1.1292272917933432,0.020413405302495694,1.805321789171077e-05,0.7253387275876779,0.0172707382003669,1.5568275191151226,0.07912875076907121,3.7669548259875048,1.1512418027499993,8.337759602735376e-05,5.190255410227348,1.1102230246251565e-16
148,125,WT,HDX,4.981852,1.46076325,1.7777509919858754,0.01874722505509469,0.020513084102340904,4.224736846977395e-06,2.392751284239081,0.043677912375424253,0.007835007827319308,3.14259140718857e-05,9.434318225167003,0.09092561867968992,0.0003986394357130136,24.815305051333095,1.1102230246251565e-16
